Echo A : BASELI~1.DTA   
Time Period: 0.04-20.48msec
   No.  A (mPa)  An (mPa)
    1    0.0000   0.0000
    2    0.0000   0.0000
    3    0.0000   0.0000
    4    0.0000   0.0000
    5    0.0000   0.0000
    6    0.0000   0.0000
    7    0.0000   0.0000
    8    0.0000   0.0000
    9    0.0000   0.0000
   10    0.0000   0.0000
   11    0.0000   0.0000
   12    0.0000   0.0000
   13    0.0000   0.0000
   14    0.0000   0.0000
   15    0.0000   0.0000
   16    0.0000   0.0000
   17    0.0000   0.0000
   18    0.0000   0.0000
   19    0.0000   0.0000
   20    0.0000   0.0000
   21    0.0000   0.0000
   22    0.0000   0.0000
   23    0.0000   0.0000
   24    0.0000   0.0000
   25    0.0000   0.0000
   26    0.0000   0.0000
   27    0.0000   0.0000
   28    0.0000   0.0000
   29    0.0000   0.0000
   30    0.0000   0.0000
   31    0.0000   0.0000
   32    0.0000   0.0000
   33    0.0000   0.0000
   34    0.0000   0.0000
   35    0.0000   0.0000
   36    0.0000   0.0000
   37    0.0000   0.0000
   38    0.0000   0.0000
   39    0.0000   0.0000
   40    0.0000   0.0000
   41    0.0000   0.0000
   42    0.0000   0.0000
   43    0.0000   0.0000
   44    0.0000   0.0000
   45    0.0000   0.0000
   46    0.0000   0.0000
   47    0.0000   0.0000
   48    0.0000   0.0000
   49    0.0000   0.0000
   50    0.0000   0.0000
   51    0.0000   0.0000
   52    0.0000   0.0000
   53    0.0000   0.0000
   54    0.0000   0.0000
   55    0.0000  -0.0002
   56    0.0000  -0.0002
   57   -0.0002  -0.0002
   58   -0.0002  -0.0002
   59   -0.0005  -0.0002
   60   -0.0005  -0.0002
   61   -0.0007  -0.0002
   62   -0.0007  -0.0002
   63   -0.0010  -0.0002
   64   -0.0012  -0.0002
   65   -0.0014  -0.0002
   66   -0.0026  -0.0002
   67   -0.0038   0.0002
   68   -0.0034   0.0005
   69    0.0000   0.0012
   70    0.0048   0.0022
   71    0.0055   0.0026
   72   -0.0043   0.0026
   73   -0.0204   0.0022
   74   -0.0278   0.0017
   75   -0.0202   0.0002
   76   -0.0034  -0.0010
   77    0.0012  -0.0010
   78   -0.0151   0.0019
   79   -0.0307   0.0010
   80   -0.0156   0.0010
   81    0.0190  -0.0002
   82    0.0454   0.0002
   83    0.0463   0.0010
   84    0.0218   0.0002
   85    0.0046   0.0010
   86    0.0199  -0.0012
   87    0.0377   0.0007
   88    0.0314  -0.0022
   89    0.0082  -0.0072
   90   -0.0132  -0.0031
   91   -0.0173   0.0026
   92    0.0024   0.0002
   93    0.0146   0.0002
   94    0.0086   0.0034
   95    0.0029   0.0055
   96   -0.0031   0.0154
   97   -0.0120   0.0144
   98   -0.0173   0.0074
   99   -0.0252   0.0094
  100   -0.0278   0.0074
  101   -0.0259  -0.0010
  102    0.0060  -0.0031
  103    0.0310   0.0058
  104    0.0410   0.0050
  105    0.0221  -0.0002
  106    0.0024  -0.0089
  107   -0.0005  -0.0230
  108    0.0132  -0.0302
  109   -0.0091  -0.0362
  110   -0.0574  -0.0290
  111   -0.0785  -0.0257
  112   -0.0355  -0.0055
  113    0.0326   0.0079
  114    0.0602   0.0048
  115    0.0122   0.0002
  116   -0.0578  -0.0041
  117   -0.0756  -0.0050
  118   -0.0274  -0.0146
  119    0.0211  -0.0216
  120    0.0151  -0.0173
  121   -0.0458  -0.0019
  122   -0.0578   0.0065
  123    0.0103   0.0000
  124    0.0881   0.0005
  125    0.1126   0.0084
  126    0.0595   0.0101
  127   -0.0077   0.0101
  128   -0.0173   0.0300
  129    0.0250   0.0374
  130    0.0665   0.0274
  131    0.0456   0.0245
  132   -0.0173   0.0386
  133   -0.0504   0.0370
  134   -0.0221   0.0178
  135    0.0240  -0.0098
  136    0.0043  -0.0142
  137   -0.0629  -0.0067
  138   -0.1176  -0.0101
  139   -0.0809  -0.0055
  140    0.0338   0.0065
  141    0.1164  -0.0137
  142    0.1056  -0.0170
  143    0.0149   0.0067
  144   -0.0761   0.0137
  145   -0.0773   0.0288
  146    0.0034   0.0156
  147    0.0586  -0.0002
  148    0.0295  -0.0062
  149   -0.0574  -0.0038
  150   -0.1075   0.0050
  151   -0.0564  -0.0002
  152    0.0470  -0.0168
  153    0.0946  -0.0216
  154    0.0499  -0.0110
  155   -0.0242  -0.0050
  156   -0.0502  -0.0002
  157   -0.0060   0.0082
  158    0.0319  -0.0166
  159    0.0113  -0.0396
  160   -0.0247  -0.0490
  161   -0.0382  -0.0451
  162    0.0120  -0.0312
  163    0.0828  -0.0022
  164    0.1111   0.0010
  165    0.0641  -0.0043
  166   -0.0130  -0.0127
  167   -0.0413  -0.0302
  168   -0.0062  -0.0132
  169    0.0230   0.0079
  170    0.0096   0.0086
  171   -0.0446  -0.0072
  172   -0.0871  -0.0043
  173   -0.0859  -0.0031
  174   -0.0427   0.0118
  175    0.0017   0.0144
  176    0.0163   0.0185
  177    0.0050   0.0288
  178   -0.0077   0.0168
  179   -0.0134   0.0084
  180   -0.0266   0.0110
  181   -0.0463   0.0226
  182   -0.0547   0.0218
  183   -0.0461   0.0262
  184   -0.0077   0.0166
  185    0.0562  -0.0031
  186    0.1152  -0.0067
  187    0.1390   0.0122
  188    0.1282   0.0262
  189    0.0955   0.0252
  190    0.0396   0.0168
  191   -0.0254   0.0098
  192   -0.0778   0.0137
  193   -0.1018  -0.0019
  194   -0.0917  -0.0012
  195   -0.0648   0.0182
  196   -0.0408   0.0298
  197   -0.0211   0.0247
  198   -0.0012   0.0199
  199   -0.0053   0.0242
  200    0.0115  -0.0017
  201    0.0446  -0.0218
  202    0.0648  -0.0322
  203    0.0607  -0.0365
  204    0.0329  -0.0374
  205    0.0086  -0.0226
  206   -0.0194  -0.0300
  207   -0.0331  -0.0365
  208   -0.0254  -0.0324
  209   -0.0190  -0.0420
  210   -0.0202  -0.0302
  211   -0.0461  -0.0065
  212   -0.0626   0.0084
  213   -0.0466   0.0026
  214   -0.0216  -0.0110
  215    0.0038  -0.0050
  216    0.0365   0.0014
  217    0.0600   0.0130
  218    0.0641   0.0216
  219    0.0461   0.0199
  220    0.0355   0.0254
  221    0.0463   0.0269
  222    0.0612   0.0290
  223    0.0554   0.0149
  224    0.0336   0.0014
  225    0.0043  -0.0209
  226   -0.0163  -0.0058
  227   -0.0238   0.0113
  228   -0.0242   0.0180
  229   -0.0310   0.0031
  230   -0.0382  -0.0019
  231   -0.0478   0.0029
  232   -0.0482   0.0022
  233   -0.0533   0.0024
  234   -0.0557  -0.0089
  235   -0.0458  -0.0067
  236   -0.0341  -0.0019
  237   -0.0235   0.0036
  238   -0.0084   0.0034
  239   -0.0110  -0.0010
  240   -0.0108  -0.0026
  241   -0.0077  -0.0012
  242    0.0103  -0.0062
  243    0.0259  -0.0125
  244    0.0302  -0.0043
  245    0.0463   0.0091
  246    0.0631   0.0094
  247    0.0713   0.0002
  248    0.0768   0.0019
  249    0.0758   0.0089
  250    0.0552  -0.0125
  251    0.0276  -0.0346
  252   -0.0113  -0.0240
  253   -0.0430  -0.0250
  254   -0.0655  -0.0173
  255   -0.0763  -0.0072
  256   -0.0574  -0.0187
  257   -0.0408  -0.0108
  258   -0.0372   0.0010
  259   -0.0242  -0.0103
  260   -0.0137  -0.0101
  261   -0.0098   0.0038
  262   -0.0050   0.0197
  263   -0.0017   0.0211
  264    0.0086   0.0209
  265    0.0266   0.0142
  266    0.0374   0.0053
  267    0.0425  -0.0046
  268    0.0482  -0.0120
  269    0.0494  -0.0084
  270    0.0461   0.0137
  271    0.0439   0.0338
  272    0.0324   0.0338
  273    0.0185   0.0144
  274    0.0010  -0.0010
  275   -0.0334   0.0067
  276   -0.0718   0.0084
  277   -0.0989  -0.0014
  278   -0.1147   0.0024
  279   -0.1150   0.0192
  280   -0.1102   0.0221
  281   -0.0926   0.0065
  282   -0.0535  -0.0060
  283   -0.0031  -0.0187
  284    0.0516  -0.0257
  285    0.0977  -0.0146
  286    0.1320  -0.0091
  287    0.1517  -0.0019
  288    0.1541   0.0043
  289    0.1502   0.0079
  290    0.1294   0.0062
  291    0.0862  -0.0014
  292    0.0360  -0.0113
  293   -0.0180  -0.0154
  294   -0.0751  -0.0182
  295   -0.1140  -0.0060
  296   -0.1397   0.0019
  297   -0.1454  -0.0055
  298   -0.1351  -0.0130
  299   -0.1248  -0.0014
  300   -0.1003   0.0079
  301   -0.0672   0.0110
  302   -0.0406  -0.0007
  303   -0.0060   0.0005
  304    0.0288   0.0048
  305    0.0641   0.0096
  306    0.0857   0.0079
  307    0.0924   0.0118
  308    0.1010   0.0223
  309    0.1075   0.0310
  310    0.1054   0.0420
  311    0.1051   0.0401
  312    0.0943   0.0415
  313    0.0701   0.0298
  314    0.0190   0.0194
  315   -0.0365  -0.0158
  316   -0.0713  -0.0254
  317   -0.0878  -0.0055
  318   -0.0946   0.0055
  319   -0.0998  -0.0038
  320   -0.1015  -0.0060
  321   -0.0917  -0.0098
  322   -0.0761  -0.0113
  323   -0.0451  -0.0134
  324   -0.0096  -0.0305
  325    0.0235  -0.0233
  326    0.0538  -0.0089
  327    0.0794  -0.0108
  328    0.1063  -0.0192
  329    0.1032  -0.0142
  330    0.0902  -0.0206
  331    0.0869  -0.0425
  332    0.0607  -0.0396
  333    0.0163  -0.0379
  334   -0.0146  -0.0398
  335   -0.0396  -0.0252
  336   -0.0650  -0.0173
  337   -0.0782  -0.0228
  338   -0.0912  -0.0161
  339   -0.0794   0.0026
  340   -0.0655   0.0120
  341   -0.0437   0.0043
  342   -0.0331   0.0118
  343   -0.0062   0.0170
  344    0.0274   0.0163
  345    0.0574   0.0166
  346    0.0811   0.0058
  347    0.0895   0.0091
  348    0.0768   0.0185
  349    0.0643   0.0269
  350    0.0511   0.0262
  351    0.0276   0.0185
  352    0.0029   0.0163
  353   -0.0170   0.0168
  354   -0.0434   0.0204
  355   -0.0624   0.0223
  356   -0.0703   0.0204
  357   -0.0792   0.0115
  358   -0.0773  -0.0019
  359   -0.0629  -0.0170
  360   -0.0571  -0.0137
  361   -0.0430  -0.0046
  362   -0.0348  -0.0043
  363   -0.0187   0.0046
  364   -0.0031   0.0127
  365   -0.0029  -0.0060
  366    0.0012  -0.0086
  367    0.0110  -0.0010
  368    0.0226  -0.0058
  369    0.0271  -0.0137
  370    0.0374  -0.0120
  371    0.0353  -0.0206
  372    0.0223  -0.0223
  373    0.0235   0.0010
  374    0.0300   0.0144
  375    0.0298   0.0118
  376    0.0199   0.0281
  377    0.0096   0.0350
  378   -0.0067   0.0250
  379   -0.0134   0.0079
  380   -0.0122  -0.0118
  381   -0.0086  -0.0125
  382   -0.0065   0.0010
  383    0.0017   0.0132
  384    0.0062   0.0026
  385    0.0137  -0.0019
  386    0.0067  -0.0137
  387    0.0043  -0.0298
  388    0.0156  -0.0317
  389    0.0209  -0.0154
  390    0.0175   0.0031
  391    0.0197   0.0060
  392    0.0257   0.0002
  393    0.0163  -0.0014
  394    0.0041   0.0252
  395   -0.0034   0.0329
  396   -0.0065   0.0264
  397   -0.0053   0.0175
  398   -0.0125   0.0130
  399   -0.0259   0.0036
  400   -0.0235   0.0002
  401   -0.0173  -0.0010
  402   -0.0158  -0.0115
  403   -0.0185  -0.0132
  404   -0.0074  -0.0007
  405    0.0077   0.0036
  406    0.0161   0.0089
  407    0.0211  -0.0017
  408    0.0156  -0.0266
  409    0.0031  -0.0396
  410   -0.0108  -0.0444
  411   -0.0134  -0.0408
  412    0.0026  -0.0247
  413    0.0074  -0.0130
  414   -0.0038  -0.0166
  415   -0.0204  -0.0182
  416   -0.0185  -0.0252
  417   -0.0091  -0.0288
  418    0.0024  -0.0079
  419    0.0065  -0.0053
  420    0.0002   0.0142
  421    0.0002   0.0182
  422   -0.0005   0.0187
  423    0.0000   0.0149
  424    0.0072   0.0014
  425    0.0146  -0.0070
  426    0.0228   0.0096
  427    0.0206   0.0216
  428    0.0199   0.0338
  429    0.0163   0.0314
  430    0.0134   0.0276
  431    0.0134   0.0223
  432    0.0096   0.0137
  433   -0.0017   0.0010
  434   -0.0082   0.0043
  435   -0.0101   0.0108
  436   -0.0120   0.0178
  437   -0.0192   0.0168
  438   -0.0187   0.0115
  439   -0.0209   0.0038
  440   -0.0194   0.0110
  441   -0.0082   0.0300
  442   -0.0091   0.0403
  443   -0.0233   0.0298
  444   -0.0288   0.0101
  445   -0.0190   0.0026
  446   -0.0060   0.0072
  447    0.0067   0.0077
  448    0.0084   0.0041
  449    0.0022  -0.0154
  450    0.0067  -0.0343
  451   -0.0012  -0.0305
  452    0.0043  -0.0146
  453    0.0240  -0.0158
  454    0.0353  -0.0274
  455    0.0245  -0.0362
  456    0.0065  -0.0466
  457   -0.0058  -0.0317
  458    0.0007  -0.0242
  459    0.0074  -0.0175
  460    0.0038  -0.0096
  461    0.0010   0.0005
  462   -0.0053   0.0101
  463   -0.0144   0.0043
  464   -0.0120  -0.0019
  465   -0.0067  -0.0026
  466   -0.0029  -0.0055
  467   -0.0034  -0.0029
  468   -0.0086   0.0010
  469   -0.0079   0.0034
  470   -0.0065   0.0034
  471   -0.0029   0.0060
  472    0.0024   0.0038
  473    0.0065   0.0038
  474    0.0070   0.0094
  475    0.0072   0.0101
  476    0.0072   0.0142
  477    0.0072   0.0132
  478    0.0043   0.0038
  479    0.0019  -0.0002
  480   -0.0002   0.0005
  481    0.0007  -0.0012
  482   -0.0007   0.0019
  483   -0.0012   0.0019
  484   -0.0014   0.0002
  485   -0.0007  -0.0007
  486   -0.0005  -0.0010
  487   -0.0007   0.0010
  488   -0.0007   0.0012
  489   -0.0007   0.0012
  490   -0.0005   0.0010
  491   -0.0002   0.0002
  492    0.0000   0.0002
  493    0.0000   0.0000
  494    0.0000   0.0000
  495    0.0000   0.0000
  496    0.0000   0.0000
  497    0.0000   0.0000
  498    0.0000   0.0000
  499    0.0000   0.0000
  500    0.0000   0.0000
  501    0.0000   0.0000
  502    0.0000   0.0000
  503    0.0000   0.0000
  504    0.0000   0.0000
  505    0.0000   0.0000
  506    0.0000   0.0000
  507    0.0000   0.0000
  508    0.0000   0.0000
  509    0.0000   0.0000
  510    0.0000   0.0000
  511    0.0000   0.0000
  512    0.0000   0.0000
