Echo A : BASELI~1.DTA   
Time Period: 0.04-20.48msec
   No.  A (mPa)  An (mPa)
    1    0.0000   0.0000
    2    0.0000   0.0000
    3    0.0000   0.0000
    4    0.0000   0.0000
    5    0.0000   0.0000
    6    0.0000   0.0000
    7    0.0000   0.0000
    8    0.0000   0.0000
    9    0.0000   0.0000
   10    0.0000   0.0000
   11    0.0000   0.0000
   12    0.0000   0.0000
   13    0.0000   0.0000
   14    0.0000   0.0000
   15    0.0000   0.0000
   16    0.0000   0.0000
   17    0.0000   0.0000
   18    0.0000   0.0000
   19    0.0000   0.0000
   20    0.0000   0.0000
   21    0.0000   0.0000
   22    0.0000   0.0000
   23    0.0000   0.0000
   24    0.0000   0.0000
   25    0.0000   0.0000
   26    0.0000   0.0000
   27    0.0000   0.0000
   28    0.0000   0.0000
   29    0.0000   0.0000
   30    0.0000   0.0000
   31    0.0000   0.0000
   32    0.0000   0.0000
   33    0.0000   0.0000
   34    0.0000   0.0000
   35    0.0000   0.0000
   36    0.0000   0.0000
   37    0.0000   0.0000
   38    0.0000   0.0000
   39    0.0000   0.0000
   40    0.0000   0.0000
   41    0.0000   0.0000
   42    0.0000   0.0000
   43    0.0000   0.0000
   44    0.0000   0.0000
   45    0.0000   0.0000
   46    0.0000   0.0000
   47    0.0000   0.0000
   48    0.0000   0.0000
   49    0.0000   0.0000
   50    0.0000   0.0000
   51    0.0000   0.0000
   52    0.0000   0.0000
   53    0.0000   0.0000
   54    0.0000   0.0000
   55    0.0000   0.0002
   56    0.0000   0.0002
   57    0.0002   0.0002
   58    0.0002   0.0002
   59    0.0002   0.0005
   60    0.0002   0.0005
   61    0.0005   0.0005
   62    0.0005   0.0005
   63    0.0007   0.0005
   64    0.0007   0.0007
   65    0.0005   0.0007
   66   -0.0007   0.0010
   67   -0.0026   0.0017
   68   -0.0048   0.0024
   69   -0.0079   0.0031
   70   -0.0125   0.0036
   71   -0.0168   0.0038
   72   -0.0185   0.0041
   73   -0.0132   0.0026
   74   -0.0050   0.0026
   75   -0.0031   0.0038
   76   -0.0034   0.0046
   77   -0.0022   0.0055
   78   -0.0017   0.0070
   79    0.0000   0.0058
   80    0.0007   0.0031
   81   -0.0055   0.0034
   82   -0.0166   0.0065
   83   -0.0190   0.0055
   84   -0.0002   0.0014
   85    0.0307   0.0014
   86    0.0377   0.0024
   87    0.0019  -0.0038
   88   -0.0322  -0.0043
   89   -0.0137   0.0050
   90    0.0480   0.0012
   91    0.0919  -0.0144
   92    0.0624  -0.0276
   93   -0.0497  -0.0370
   94   -0.1361  -0.0391
   95   -0.0862  -0.0341
   96    0.0115  -0.0175
   97    0.0394  -0.0002
   98    0.0293  -0.0036
   99    0.0096  -0.0151
  100   -0.0211  -0.0134
  101   -0.0185  -0.0137
  102    0.0348  -0.0103
  103    0.0634  -0.0050
  104    0.0394   0.0048
  105   -0.0386   0.0060
  106   -0.0667   0.0026
  107    0.0149  -0.0031
  108    0.1493  -0.0017
  109    0.1848   0.0050
  110    0.0922   0.0086
  111   -0.0211   0.0146
  112   -0.0780   0.0154
  113   -0.0408   0.0108
  114    0.0358   0.0053
  115    0.0118  -0.0060
  116   -0.0766  -0.0070
  117   -0.0883   0.0086
  118    0.0012   0.0334
  119    0.0761   0.0367
  120    0.0370   0.0113
  121   -0.1190  -0.0026
  122   -0.2482  -0.0005
  123   -0.2326   0.0055
  124   -0.0996   0.0113
  125    0.0355  -0.0043
  126    0.1034  -0.0211
  127    0.1102  -0.0182
  128    0.0881  -0.0026
  129    0.0679   0.0082
  130    0.1116   0.0178
  131    0.1867   0.0182
  132    0.2006   0.0065
  133    0.1277   0.0055
  134   -0.0041   0.0185
  135   -0.1639   0.0180
  136   -0.2719   0.0012
  137   -0.2786  -0.0026
  138   -0.1910   0.0029
  139   -0.0410  -0.0038
  140    0.1147  -0.0038
  141    0.2093  -0.0089
  142    0.2146  -0.0106
  143    0.1241  -0.0072
  144   -0.0305  -0.0060
  145   -0.1601   0.0108
  146   -0.1814   0.0146
  147   -0.0790   0.0130
  148    0.0905   0.0043
  149    0.2213  -0.0166
  150    0.2045  -0.0170
  151    0.0562   0.0017
  152   -0.1090   0.0091
  153   -0.1930  -0.0026
  154   -0.1555   0.0096
  155   -0.0271   0.0079
  156    0.0595   0.0010
  157    0.0108  -0.0050
  158   -0.1116  -0.0010
  159   -0.1723   0.0199
  160   -0.0768   0.0348
  161    0.1697   0.0264
  162    0.3958   0.0014
  163    0.4133  -0.0130
  164    0.1987  -0.0235
  165   -0.0881  -0.0163
  166   -0.2746   0.0007
  167   -0.2993  -0.0010
  168   -0.2026  -0.0166
  169   -0.0828  -0.0235
  170    0.0098  -0.0158
  171    0.0415  -0.0230
  172    0.0264  -0.0427
  173    0.0264  -0.0348
  174    0.0487  -0.0130
  175    0.0398   0.0050
  176    0.0288   0.0089
  177    0.0432   0.0010
  178    0.0485   0.0079
  179    0.0166   0.0118
  180   -0.0653   0.0137
  181   -0.1896   0.0187
  182   -0.3149   0.0202
  183   -0.3442   0.0211
  184   -0.1819   0.0170
  185    0.0650   0.0067
  186    0.2942   0.0084
  187    0.4500   0.0137
  188    0.5004   0.0175
  189    0.4205   0.0108
  190    0.2395  -0.0067
  191    0.0067  -0.0175
  192   -0.2254  -0.0106
  193   -0.4025  -0.0031
  194   -0.4838  -0.0125
  195   -0.4706  -0.0326
  196   -0.3742  -0.0302
  197   -0.2129  -0.0199
  198   -0.0161  -0.0242
  199    0.1699  -0.0197
  200    0.3014  -0.0218
  201    0.3614  -0.0235
  202    0.3550  -0.0002
  203    0.3274   0.0142
  204    0.2652   0.0218
  205    0.1567   0.0230
  206    0.0247   0.0082
  207   -0.0938   0.0110
  208   -0.1615   0.0173
  209   -0.2040   0.0094
  210   -0.2119   0.0154
  211   -0.1810   0.0182
  212   -0.1303   0.0026
  213   -0.0883   0.0101
  214   -0.0564   0.0334
  215   -0.0197   0.0343
  216    0.0151   0.0226
  217    0.0197   0.0034
  218    0.0101  -0.0142
  219    0.0113  -0.0137
  220    0.0221  -0.0043
  221    0.0379  -0.0055
  222    0.0314  -0.0187
  223    0.0038  -0.0259
  224   -0.0235  -0.0420
  225   -0.0269  -0.0425
  226    0.0168  -0.0238
  227    0.0869  -0.0149
  228    0.1315  -0.0091
  229    0.1289  -0.0043
  230    0.0941   0.0048
  231    0.0331   0.0079
  232   -0.0334   0.0125
  233   -0.0396   0.0199
  234    0.0014   0.0180
  235    0.0528   0.0065
  236    0.0970   0.0005
  237    0.1195   0.0077
  238    0.1265   0.0089
  239    0.1092  -0.0017
  240    0.0526  -0.0029
  241   -0.0372   0.0002
  242   -0.1486   0.0060
  243   -0.2527  -0.0012
  244   -0.3151   0.0096
  245   -0.3127   0.0137
  246   -0.2707   0.0074
  247   -0.1800   0.0228
  248   -0.0686   0.0346
  249    0.0372   0.0216
  250    0.1282  -0.0036
  251    0.1805  -0.0022
  252    0.1891   0.0163
  253    0.1296   0.0017
  254    0.0538  -0.0010
  255    0.0000   0.0050
  256   -0.0276  -0.0046
  257   -0.0326   0.0101
  258   -0.0154   0.0146
  259    0.0046   0.0055
  260    0.0235  -0.0074
  261    0.0722  -0.0108
  262    0.1231  -0.0214
  263    0.1171  -0.0180
  264    0.0564  -0.0103
  265   -0.0374  -0.0086
  266   -0.1368  -0.0156
  267   -0.1896  -0.0233
  268   -0.1606  -0.0158
  269   -0.0631  -0.0082
  270    0.0516  -0.0137
  271    0.1205  -0.0110
  272    0.1157  -0.0022
  273    0.0782   0.0072
  274    0.0355   0.0036
  275    0.0221  -0.0108
  276    0.0660  -0.0209
  277    0.1464  -0.0202
  278    0.2038  -0.0185
  279    0.2050  -0.0038
  280    0.1195   0.0050
  281   -0.0046   0.0209
  282   -0.1039   0.0264
  283   -0.1447   0.0173
  284   -0.1202   0.0144
  285   -0.0799   0.0072
  286   -0.0739  -0.0067
  287   -0.1334  -0.0070
  288   -0.2573  -0.0132
  289   -0.3682  -0.0247
  290   -0.3919  -0.0295
  291   -0.2779  -0.0130
  292   -0.0778  -0.0034
  293    0.1061   0.0053
  294    0.1867   0.0096
  295    0.1603   0.0022
  296    0.1128  -0.0182
  297    0.1126  -0.0223
  298    0.1901  -0.0010
  299    0.3007   0.0007
  300    0.3638   0.0060
  301    0.3151   0.0259
  302    0.1735   0.0329
  303    0.0144   0.0254
  304   -0.0970   0.0278
  305   -0.1399   0.0358
  306   -0.1169   0.0449
  307   -0.0574   0.0466
  308   -0.0130   0.0338
  309    0.0002   0.0166
  310   -0.0120  -0.0043
  311   -0.0456  -0.0026
  312   -0.0886   0.0247
  313   -0.1294   0.0408
  314   -0.1378   0.0379
  315   -0.0943   0.0286
  316   -0.0492   0.0014
  317   -0.0233  -0.0103
  318   -0.0043  -0.0182
  319    0.0036  -0.0185
  320    0.0043  -0.0098
  321    0.0043  -0.0113
  322    0.0043  -0.0298
  323   -0.0240  -0.0461
  324   -0.0631  -0.0521
  325   -0.0821  -0.0490
  326   -0.0866  -0.0398
  327   -0.0526  -0.0360
  328    0.0238  -0.0384
  329    0.1270  -0.0374
  330    0.2189  -0.0317
  331    0.2465  -0.0218
  332    0.1831  -0.0149
  333    0.0614  -0.0067
  334   -0.0737  -0.0170
  335   -0.1697  -0.0101
  336   -0.1970  -0.0002
  337   -0.1788   0.0120
  338   -0.1231   0.0226
  339   -0.0348   0.0163
  340    0.0665  -0.0031
  341    0.1680  -0.0038
  342    0.2299   0.0036
  343    0.2609   0.0084
  344    0.2450   0.0094
  345    0.1870   0.0010
  346    0.1078  -0.0067
  347    0.0300  -0.0022
  348   -0.0547   0.0017
  349   -0.1469   0.0101
  350   -0.2237   0.0060
  351   -0.2789  -0.0026
  352   -0.3046   0.0050
  353   -0.2964   0.0043
  354   -0.2554   0.0139
  355   -0.1608   0.0310
  356   -0.0346   0.0218
  357    0.0960   0.0257
  358    0.2052   0.0317
  359    0.2530   0.0197
  360    0.2172   0.0058
  361    0.1210   0.0137
  362    0.0139   0.0242
  363   -0.0718   0.0151
  364   -0.0826   0.0077
  365   -0.0238   0.0079
  366    0.0607   0.0024
  367    0.1202   0.0019
  368    0.1421   0.0060
  369    0.1344   0.0060
  370    0.1118   0.0089
  371    0.0907   0.0012
  372    0.0566  -0.0122
  373   -0.0094   0.0034
  374   -0.1114   0.0149
  375   -0.2141   0.0254
  376   -0.2698   0.0298
  377   -0.2690   0.0137
  378   -0.2062  -0.0026
  379   -0.1008  -0.0060
  380    0.0091   0.0062
  381    0.1166   0.0084
  382    0.1894   0.0214
  383    0.1937   0.0228
  384    0.1610  -0.0029
  385    0.1166  -0.0226
  386    0.0706  -0.0238
  387    0.0334  -0.0187
  388    0.0050  -0.0187
  389   -0.0312  -0.0259
  390   -0.0470  -0.0178
  391   -0.0646   0.0014
  392   -0.0538  -0.0024
  393   -0.0386  -0.0228
  394   -0.0278  -0.0432
  395   -0.0370  -0.0396
  396   -0.0648  -0.0190
  397   -0.0996  -0.0230
  398   -0.1270  -0.0331
  399   -0.1212  -0.0367
  400   -0.0739  -0.0247
  401   -0.0084  -0.0084
  402    0.0422  -0.0110
  403    0.0595  -0.0130
  404    0.0806  -0.0209
  405    0.1042  -0.0149
  406    0.1459  -0.0070
  407    0.2119  -0.0038
  408    0.2527   0.0038
  409    0.2213   0.0118
  410    0.1174   0.0120
  411   -0.0264   0.0211
  412   -0.1394   0.0290
  413   -0.1946   0.0144
  414   -0.1922  -0.0060
  415   -0.1274  -0.0026
  416   -0.0535  -0.0091
  417   -0.0168  -0.0144
  418   -0.0168  -0.0149
  419   -0.0300  -0.0026
  420   -0.0478   0.0101
  421   -0.0290   0.0137
  422    0.0062   0.0149
  423    0.0058   0.0149
  424   -0.0638   0.0019
  425   -0.1555  -0.0014
  426   -0.2131   0.0113
  427   -0.1930   0.0019
  428   -0.0876   0.0041
  429    0.0667   0.0266
  430    0.2119   0.0348
  431    0.2820   0.0194
  432    0.2534   0.0110
  433    0.1579   0.0091
  434    0.0610  -0.0014
  435    0.0154   0.0142
  436    0.0389   0.0178
  437    0.0955   0.0084
  438    0.1368   0.0271
  439    0.1308   0.0362
  440    0.0792   0.0247
  441    0.0106   0.0130
  442   -0.0588   0.0029
  443   -0.0958  -0.0094
  444   -0.0919  -0.0307
  445   -0.0710  -0.0290
  446   -0.0612  -0.0180
  447   -0.0694  -0.0091
  448   -0.0948  -0.0010
  449   -0.1356  -0.0094
  450   -0.1500  -0.0043
  451   -0.1296  -0.0026
  452   -0.0883  -0.0079
  453   -0.0487  -0.0067
  454   -0.0230  -0.0043
  455   -0.0271   0.0014
  456   -0.0418   0.0065
  457   -0.0485   0.0134
  458   -0.0238   0.0120
  459    0.0269   0.0043
  460    0.0826  -0.0010
  461    0.1222   0.0084
  462    0.1250   0.0113
  463    0.1075   0.0041
  464    0.0804  -0.0005
  465    0.0564  -0.0038
  466    0.0533  -0.0089
  467    0.0571  -0.0158
  468    0.0617  -0.0079
  469    0.0547  -0.0014
  470    0.0358  -0.0046
  471    0.0118  -0.0091
  472   -0.0074  -0.0103
  473   -0.0324  -0.0120
  474   -0.0518  -0.0046
  475   -0.0552  -0.0026
  476   -0.0521  -0.0072
  477   -0.0492  -0.0060
  478   -0.0410  -0.0029
  479   -0.0293  -0.0034
  480   -0.0194  -0.0043
  481   -0.0122  -0.0026
  482   -0.0096  -0.0026
  483   -0.0101  -0.0031
  484   -0.0101  -0.0024
  485   -0.0086  -0.0002
  486   -0.0038   0.0036
  487    0.0022   0.0041
  488    0.0077   0.0014
  489    0.0115   0.0002
  490    0.0115   0.0005
  491    0.0094   0.0010
  492    0.0060   0.0017
  493    0.0034   0.0019
  494    0.0019   0.0014
  495    0.0017   0.0014
  496    0.0012   0.0010
  497    0.0005   0.0005
  498    0.0002   0.0002
  499    0.0000   0.0002
  500    0.0000   0.0000
  501    0.0000   0.0000
  502    0.0000   0.0000
  503    0.0000   0.0000
  504    0.0000   0.0000
  505    0.0000   0.0000
  506    0.0000   0.0000
  507    0.0000   0.0000
  508    0.0000   0.0000
  509    0.0000   0.0000
  510    0.0000   0.0000
  511    0.0000   0.0000
  512    0.0000   0.0000
