Echo A : BASELI~1.DTA   
Time Period: 0.04-20.48msec
   No.  A (mPa)  An (mPa)
    1    0.0000   0.0000
    2    0.0000   0.0000
    3    0.0000   0.0000
    4    0.0000   0.0000
    5    0.0000   0.0000
    6    0.0000   0.0000
    7    0.0000   0.0000
    8    0.0000   0.0000
    9    0.0000   0.0000
   10    0.0000   0.0000
   11    0.0000   0.0000
   12    0.0000   0.0000
   13    0.0000   0.0000
   14    0.0000   0.0000
   15    0.0000   0.0000
   16    0.0000   0.0000
   17    0.0000   0.0000
   18    0.0000   0.0000
   19    0.0000   0.0000
   20    0.0000   0.0000
   21    0.0000   0.0000
   22    0.0000   0.0000
   23    0.0000   0.0000
   24    0.0000   0.0000
   25    0.0000   0.0000
   26    0.0000   0.0000
   27    0.0000   0.0000
   28    0.0000   0.0000
   29    0.0000   0.0000
   30    0.0000   0.0000
   31    0.0000   0.0000
   32    0.0000   0.0000
   33    0.0000   0.0000
   34    0.0000   0.0000
   35    0.0000   0.0000
   36    0.0000   0.0000
   37    0.0000   0.0000
   38    0.0000   0.0000
   39    0.0000   0.0000
   40    0.0000   0.0000
   41    0.0000   0.0000
   42    0.0000   0.0000
   43    0.0000   0.0000
   44    0.0000   0.0000
   45    0.0000   0.0000
   46    0.0000   0.0000
   47    0.0000   0.0002
   48    0.0000   0.0002
   49    0.0002   0.0002
   50    0.0002   0.0002
   51    0.0005   0.0002
   52    0.0005   0.0002
   53    0.0007   0.0002
   54    0.0007   0.0002
   55    0.0010   0.0002
   56    0.0012   0.0002
   57    0.0014   0.0002
   58    0.0017   0.0002
   59    0.0019   0.0002
   60    0.0022   0.0002
   61    0.0024   0.0005
   62    0.0029   0.0002
   63    0.0031   0.0005
   64    0.0036   0.0005
   65    0.0041   0.0007
   66    0.0046   0.0007
   67    0.0050   0.0007
   68    0.0058   0.0007
   69    0.0065   0.0010
   70    0.0070   0.0010
   71    0.0060   0.0007
   72    0.0029   0.0002
   73    0.0000   0.0002
   74   -0.0002   0.0002
   75   -0.0031   0.0002
   76   -0.0130   0.0010
   77   -0.0264   0.0019
   78   -0.0305   0.0029
   79   -0.0173   0.0014
   80    0.0012   0.0002
   81    0.0082   0.0014
   82    0.0024   0.0019
   83    0.0012   0.0022
   84    0.0098   0.0017
   85    0.0108  -0.0026
   86    0.0005  -0.0077
   87   -0.0125  -0.0084
   88   -0.0163  -0.0082
   89   -0.0067  -0.0067
   90   -0.0034  -0.0060
   91   -0.0190   0.0000
   92   -0.0458   0.0041
   93   -0.0588  -0.0022
   94   -0.0478  -0.0062
   95   -0.0084  -0.0125
   96    0.0370  -0.0115
   97    0.0526  -0.0072
   98    0.0202  -0.0019
   99   -0.0444  -0.0062
  100   -0.0636  -0.0072
  101   -0.0154  -0.0041
  102    0.0576  -0.0079
  103    0.0862  -0.0031
  104    0.0470  -0.0079
  105   -0.0163  -0.0110
  106   -0.0156   0.0067
  107    0.0391   0.0218
  108    0.0679   0.0158
  109    0.0094   0.0060
  110   -0.0653  -0.0029
  111   -0.0521  -0.0055
  112    0.0437   0.0019
  113    0.0950   0.0178
  114    0.0314   0.0048
  115   -0.0768  -0.0113
  116   -0.1022  -0.0089
  117   -0.0466  -0.0086
  118    0.0158   0.0024
  119    0.0216   0.0173
  120    0.0125   0.0127
  121    0.0120   0.0005
  122   -0.0077  -0.0130
  123   -0.0338  -0.0108
  124   -0.0526  -0.0041
  125   -0.0439   0.0050
  126   -0.0079   0.0094
  127    0.0120   0.0034
  128    0.0132   0.0000
  129    0.0240  -0.0005
  130    0.0605   0.0022
  131    0.0994   0.0113
  132    0.0850   0.0142
  133    0.0245   0.0125
  134   -0.0456   0.0142
  135   -0.0934   0.0168
  136   -0.0739   0.0146
  137    0.0074   0.0067
  138    0.1186  -0.0084
  139    0.1639  -0.0247
  140    0.0821  -0.0245
  141   -0.0641  -0.0089
  142   -0.1490   0.0108
  143   -0.1058   0.0209
  144   -0.0022   0.0137
  145    0.0535   0.0132
  146    0.0199  -0.0019
  147   -0.0331  -0.0084
  148   -0.0199   0.0024
  149    0.0230   0.0146
  150    0.0521   0.0089
  151    0.0290   0.0118
  152   -0.0238   0.0019
  153   -0.0382  -0.0137
  154   -0.0283  -0.0142
  155   -0.0103  -0.0158
  156   -0.0096   0.0000
  157   -0.0178   0.0132
  158   -0.0108   0.0125
  159    0.0000   0.0010
  160    0.0168  -0.0190
  161    0.0202  -0.0230
  162   -0.0010  -0.0190
  163   -0.0254  -0.0130
  164   -0.0497  -0.0053
  165   -0.0283  -0.0067
  166    0.0115  -0.0154
  167    0.0274  -0.0204
  168    0.0358  -0.0173
  169    0.0161  -0.0010
  170   -0.0168   0.0022
  171   -0.0497  -0.0007
  172   -0.0749  -0.0014
  173   -0.0530   0.0002
  174   -0.0053  -0.0012
  175    0.0521   0.0072
  176    0.0895   0.0079
  177    0.0888   0.0103
  178    0.0475   0.0096
  179   -0.0238   0.0144
  180   -0.0646   0.0122
  181   -0.0643   0.0089
  182   -0.0156   0.0019
  183    0.0674   0.0019
  184    0.1147   0.0060
  185    0.1128   0.0156
  186    0.0418   0.0194
  187   -0.0552   0.0187
  188   -0.1150   0.0211
  189   -0.1291   0.0175
  190   -0.0797   0.0002
  191   -0.0082  -0.0122
  192    0.0394  -0.0036
  193    0.0540   0.0108
  194    0.0434   0.0130
  195    0.0281   0.0050
  196    0.0017   0.0055
  197   -0.0146   0.0077
  198   -0.0254  -0.0036
  199   -0.0266  -0.0113
  200    0.0086  -0.0002
  201    0.0442   0.0161
  202    0.0590   0.0178
  203    0.0530   0.0146
  204    0.0238   0.0012
  205    0.0115  -0.0072
  206   -0.0072  -0.0053
  207   -0.0197  -0.0077
  208   -0.0312   0.0014
  209   -0.0307   0.0132
  210   -0.0259   0.0115
  211   -0.0262   0.0098
  212   -0.0115   0.0070
  213    0.0010  -0.0007
  214    0.0041  -0.0125
  215    0.0230  -0.0024
  216    0.0329   0.0103
  217    0.0482   0.0060
  218    0.0360  -0.0014
  219   -0.0187  -0.0082
  220   -0.0797  -0.0050
  221   -0.1123  -0.0098
  222   -0.0720  -0.0240
  223   -0.0050  -0.0190
  224    0.0420  -0.0077
  225    0.0506  -0.0014
  226    0.0307  -0.0118
  227    0.0048  -0.0298
  228   -0.0082  -0.0298
  229   -0.0101  -0.0302
  230   -0.0156  -0.0194
  231   -0.0211  -0.0132
  232   -0.0151  -0.0151
  233    0.0185  -0.0216
  234    0.0650  -0.0286
  235    0.0917  -0.0331
  236    0.0713  -0.0206
  237    0.0098  -0.0146
  238   -0.0461  -0.0113
  239   -0.0713  -0.0149
  240   -0.0710  -0.0108
  241   -0.0761   0.0010
  242   -0.0823  -0.0002
  243   -0.0845   0.0055
  244   -0.0667   0.0204
  245   -0.0058   0.0197
  246    0.0715   0.0046
  247    0.1270  -0.0010
  248    0.1368   0.0038
  249    0.1073   0.0050
  250    0.0612   0.0046
  251    0.0108   0.0158
  252   -0.0142   0.0245
  253   -0.0307   0.0276
  254   -0.0413   0.0158
  255   -0.0461   0.0031
  256   -0.0624   0.0048
  257   -0.0730   0.0084
  258   -0.0631  -0.0010
  259   -0.0420  -0.0077
  260   -0.0115  -0.0046
  261    0.0190   0.0050
  262    0.0516   0.0110
  263    0.0766   0.0038
  264    0.0962   0.0031
  265    0.1104   0.0024
  266    0.0881   0.0022
  267    0.0547   0.0038
  268    0.0166   0.0072
  269   -0.0130   0.0005
  270   -0.0302  -0.0031
  271   -0.0473   0.0086
  272   -0.0658   0.0151
  273   -0.0962   0.0036
  274   -0.1118  -0.0036
  275   -0.1046  -0.0055
  276   -0.0794   0.0019
  277   -0.0271   0.0070
  278    0.0283  -0.0024
  279    0.0785  -0.0014
  280    0.1106  -0.0026
  281    0.1051   0.0026
  282    0.0667   0.0012
  283    0.0158   0.0034
  284   -0.0403   0.0194
  285   -0.0713   0.0175
  286   -0.0794   0.0060
  287   -0.0566   0.0055
  288   -0.0228   0.0065
  289    0.0017   0.0072
  290    0.0082   0.0055
  291    0.0072  -0.0022
  292    0.0067   0.0077
  293    0.0019   0.0034
  294    0.0142  -0.0067
  295    0.0298  -0.0067
  296    0.0362  -0.0120
  297    0.0451  -0.0142
  298    0.0216   0.0079
  299   -0.0060   0.0029
  300   -0.0182  -0.0005
  301   -0.0343   0.0005
  302   -0.0319   0.0043
  303   -0.0130  -0.0012
  304    0.0158  -0.0038
  305    0.0338  -0.0019
  306    0.0353   0.0017
  307    0.0204  -0.0074
  308   -0.0089   0.0048
  309   -0.0226   0.0166
  310   -0.0096   0.0230
  311    0.0168   0.0166
  312    0.0526   0.0065
  313    0.0485   0.0079
  314    0.0240  -0.0036
  315   -0.0094  -0.0026
  316   -0.0372  -0.0031
  317   -0.0590  -0.0137
  318   -0.0629  -0.0247
  319   -0.0439  -0.0235
  320   -0.0317  -0.0178
  321   -0.0235  -0.0089
  322   -0.0103   0.0036
  323    0.0089   0.0130
  324    0.0336   0.0043
  325    0.0588  -0.0125
  326    0.0708  -0.0170
  327    0.0701  -0.0211
  328    0.0403  -0.0118
  329    0.0055   0.0060
  330   -0.0276   0.0086
  331   -0.0475  -0.0017
  332   -0.0427  -0.0094
  333   -0.0240  -0.0031
  334   -0.0132   0.0134
  335   -0.0137   0.0098
  336   -0.0130  -0.0137
  337   -0.0074  -0.0019
  338   -0.0007   0.0084
  339    0.0062  -0.0026
  340   -0.0060  -0.0079
  341   -0.0048  -0.0086
  342    0.0122   0.0014
  343    0.0314  -0.0010
  344    0.0535  -0.0086
  345    0.0487  -0.0142
  346    0.0175  -0.0113
  347   -0.0142   0.0000
  348   -0.0286   0.0036
  349   -0.0204   0.0017
  350   -0.0024   0.0091
  351    0.0070   0.0029
  352    0.0077  -0.0017
  353   -0.0108   0.0038
  354   -0.0295   0.0098
  355   -0.0355   0.0101
  356   -0.0103   0.0010
  357    0.0158  -0.0034
  358    0.0163   0.0014
  359    0.0098   0.0043
  360   -0.0026  -0.0108
  361   -0.0161  -0.0038
  362   -0.0326  -0.0067
  363   -0.0427   0.0024
  364   -0.0499   0.0098
  365   -0.0497  -0.0019
  366   -0.0264  -0.0091
  367    0.0031   0.0041
  368    0.0341   0.0178
  369    0.0533   0.0125
  370    0.0379  -0.0089
  371    0.0158  -0.0214
  372   -0.0072  -0.0156
  373   -0.0091  -0.0043
  374    0.0101   0.0050
  375    0.0281   0.0031
  376    0.0353   0.0019
  377    0.0286  -0.0058
  378    0.0094  -0.0228
  379    0.0038  -0.0360
  380    0.0055  -0.0269
  381   -0.0024  -0.0043
  382   -0.0247   0.0101
  383   -0.0348   0.0146
  384   -0.0427   0.0144
  385   -0.0331   0.0106
  386   -0.0259   0.0014
  387   -0.0312   0.0058
  388   -0.0394   0.0204
  389   -0.0398   0.0326
  390   -0.0209   0.0372
  391    0.0146   0.0235
  392    0.0425   0.0137
  393    0.0432  -0.0048
  394    0.0319  -0.0204
  395    0.0082  -0.0089
  396   -0.0046   0.0070
  397    0.0072   0.0230
  398    0.0336   0.0125
  399    0.0538  -0.0060
  400    0.0576  -0.0019
  401    0.0478   0.0101
  402    0.0300   0.0113
  403    0.0110   0.0029
  404   -0.0043  -0.0055
  405   -0.0223  -0.0187
  406   -0.0266  -0.0211
  407   -0.0264  -0.0110
  408   -0.0209  -0.0043
  409   -0.0079   0.0103
  410   -0.0053   0.0070
  411    0.0031   0.0118
  412    0.0094   0.0130
  413    0.0103   0.0089
  414    0.0034   0.0058
  415   -0.0096   0.0031
  416   -0.0091   0.0019
  417   -0.0154  -0.0022
  418   -0.0230   0.0072
  419   -0.0194   0.0259
  420   -0.0048   0.0228
  421    0.0204  -0.0005
  422    0.0360  -0.0166
  423    0.0338  -0.0346
  424    0.0194  -0.0216
  425    0.0106  -0.0050
  426    0.0022   0.0110
  427   -0.0156   0.0190
  428   -0.0295   0.0094
  429   -0.0204   0.0026
  430   -0.0046  -0.0101
  431    0.0098  -0.0326
  432    0.0190  -0.0271
  433    0.0240  -0.0029
  434    0.0036   0.0050
  435   -0.0161  -0.0077
  436   -0.0300  -0.0137
  437   -0.0319  -0.0038
  438   -0.0341   0.0077
  439   -0.0264   0.0024
  440   -0.0161   0.0046
  441    0.0038   0.0070
  442    0.0115   0.0084
  443    0.0113   0.0096
  444    0.0062   0.0163
  445    0.0017   0.0218
  446    0.0120  -0.0060
  447    0.0158  -0.0182
  448    0.0139   0.0005
  449    0.0000   0.0067
  450   -0.0048   0.0034
  451   -0.0113   0.0010
  452   -0.0103  -0.0014
  453    0.0050  -0.0065
  454    0.0190  -0.0142
  455    0.0286  -0.0154
  456    0.0187  -0.0108
  457   -0.0002  -0.0041
  458   -0.0118  -0.0060
  459   -0.0192  -0.0118
  460   -0.0233  -0.0062
  461   -0.0161  -0.0005
  462   -0.0106   0.0050
  463   -0.0031  -0.0014
  464    0.0094  -0.0113
  465    0.0168  -0.0115
  466    0.0204  -0.0062
  467    0.0091   0.0000
  468    0.0002   0.0002
  469   -0.0046  -0.0014
  470   -0.0050  -0.0002
  471   -0.0055   0.0019
  472   -0.0043  -0.0031
  473   -0.0058  -0.0019
  474   -0.0077  -0.0002
  475   -0.0053   0.0002
  476   -0.0007   0.0072
  477   -0.0007   0.0079
  478   -0.0002   0.0079
  479   -0.0007   0.0067
  480    0.0010   0.0050
  481    0.0026   0.0034
  482    0.0000   0.0007
  483   -0.0002   0.0007
  484    0.0000  -0.0012
  485   -0.0002  -0.0019
  486    0.0007  -0.0010
  487    0.0010  -0.0002
  488    0.0012   0.0005
  489    0.0007   0.0010
  490    0.0007   0.0010
  491    0.0002   0.0005
  492    0.0000   0.0000
  493    0.0000  -0.0002
  494    0.0000   0.0000
  495    0.0000   0.0000
  496    0.0000   0.0000
  497    0.0000   0.0000
  498    0.0000   0.0000
  499    0.0000   0.0000
  500    0.0000   0.0000
  501    0.0000   0.0000
  502    0.0000   0.0000
  503    0.0000   0.0000
  504    0.0000   0.0000
  505    0.0000   0.0000
  506    0.0000   0.0000
  507    0.0000   0.0000
  508    0.0000   0.0000
  509    0.0000   0.0000
  510    0.0000   0.0000
  511    0.0000   0.0000
  512    0.0000   0.0000
