Echo A : BASELI~1.DTA   
Time Period: 0.04-20.48msec
   No.  A (mPa)  An (mPa)
    1    0.0000   0.0000
    2    0.0000   0.0000
    3    0.0000   0.0000
    4    0.0000   0.0000
    5    0.0000   0.0000
    6    0.0000   0.0000
    7    0.0000   0.0000
    8    0.0000   0.0000
    9    0.0000   0.0000
   10    0.0000   0.0000
   11    0.0000   0.0000
   12    0.0000   0.0000
   13    0.0000   0.0000
   14    0.0000   0.0000
   15    0.0000   0.0000
   16    0.0000   0.0000
   17    0.0000   0.0000
   18    0.0000   0.0000
   19    0.0000   0.0000
   20    0.0000   0.0000
   21    0.0000   0.0000
   22    0.0000   0.0000
   23    0.0000   0.0000
   24    0.0000   0.0000
   25    0.0000   0.0000
   26    0.0000   0.0000
   27    0.0000   0.0000
   28    0.0000   0.0000
   29    0.0000   0.0000
   30    0.0000   0.0000
   31    0.0000   0.0000
   32    0.0000   0.0000
   33    0.0000   0.0000
   34    0.0000   0.0000
   35    0.0000   0.0000
   36    0.0000   0.0000
   37    0.0000   0.0000
   38    0.0000   0.0000
   39    0.0000   0.0000
   40    0.0000   0.0000
   41    0.0000   0.0000
   42    0.0000   0.0000
   43    0.0000   0.0000
   44    0.0000   0.0000
   45    0.0000   0.0000
   46    0.0000   0.0000
   47    0.0000  -0.0002
   48    0.0002   0.0000
   49    0.0002  -0.0002
   50    0.0005   0.0000
   51    0.0005  -0.0002
   52    0.0007   0.0000
   53    0.0007  -0.0002
   54    0.0010   0.0000
   55    0.0010  -0.0002
   56    0.0012  -0.0002
   57    0.0014  -0.0002
   58    0.0017  -0.0002
   59    0.0019  -0.0002
   60    0.0024  -0.0002
   61    0.0026  -0.0002
   62    0.0031  -0.0002
   63    0.0036  -0.0002
   64    0.0038  -0.0005
   65    0.0043  -0.0005
   66    0.0046  -0.0005
   67    0.0029  -0.0002
   68   -0.0002  -0.0002
   69   -0.0010  -0.0002
   70    0.0007  -0.0014
   71    0.0048  -0.0026
   72    0.0079  -0.0019
   73    0.0043  -0.0012
   74    0.0005  -0.0002
   75    0.0017   0.0002
   76    0.0053   0.0010
   77    0.0101  -0.0007
   78    0.0070  -0.0005
   79   -0.0142   0.0031
   80   -0.0312   0.0070
   81   -0.0312   0.0079
   82   -0.0221   0.0024
   83   -0.0060  -0.0014
   84   -0.0055  -0.0002
   85   -0.0295   0.0031
   86   -0.0394   0.0041
   87   -0.0262  -0.0019
   88    0.0002  -0.0019
   89    0.0259   0.0031
   90    0.0192  -0.0007
   91   -0.0211  -0.0065
   92   -0.0458  -0.0014
   93   -0.0149   0.0060
   94    0.0386   0.0089
   95    0.0557   0.0026
   96    0.0252  -0.0002
   97   -0.0137  -0.0055
   98   -0.0185  -0.0043
   99    0.0017   0.0010
  100    0.0247   0.0019
  101    0.0058   0.0053
  102   -0.0396   0.0089
  103   -0.0763   0.0108
  104   -0.0614   0.0041
  105   -0.0154  -0.0012
  106    0.0396   0.0002
  107    0.0665   0.0103
  108    0.0710   0.0072
  109    0.0497   0.0048
  110   -0.0034   0.0002
  111   -0.0646  -0.0130
  112   -0.0816  -0.0180
  113   -0.0350  -0.0110
  114    0.0401  -0.0002
  115    0.0475   0.0038
  116    0.0156  -0.0019
  117    0.0115   0.0034
  118    0.0470   0.0074
  119    0.0665   0.0151
  120    0.0427   0.0199
  121   -0.0137   0.0043
  122   -0.0449  -0.0010
  123   -0.0154  -0.0067
  124    0.0530  -0.0130
  125    0.1176  -0.0118
  126    0.0910  -0.0199
  127   -0.0367  -0.0226
  128   -0.1639  -0.0146
  129   -0.1694  -0.0048
  130   -0.0439  -0.0101
  131    0.0876  -0.0144
  132    0.1169  -0.0089
  133    0.0247  -0.0103
  134   -0.1037  -0.0070
  135   -0.1447  -0.0130
  136   -0.0722  -0.0170
  137    0.0504  -0.0118
  138    0.1142  -0.0007
  139    0.0862  -0.0163
  140    0.0002  -0.0168
  141   -0.0660  -0.0077
  142   -0.0797   0.0079
  143   -0.0377   0.0178
  144    0.0096   0.0259
  145    0.0372   0.0187
  146    0.0456   0.0038
  147    0.0413   0.0048
  148    0.0266   0.0154
  149    0.0094   0.0132
  150   -0.0158   0.0041
  151   -0.0283   0.0014
  152   -0.0264   0.0043
  153   -0.0182   0.0084
  154    0.0036   0.0130
  155    0.0396   0.0288
  156    0.0571   0.0300
  157    0.0610   0.0137
  158    0.0550  -0.0014
  159    0.0259  -0.0158
  160    0.0029  -0.0118
  161   -0.0235   0.0137
  162   -0.0528   0.0218
  163   -0.0518   0.0154
  164   -0.0178   0.0170
  165    0.0322   0.0235
  166    0.0737   0.0187
  167    0.0802   0.0096
  168    0.0386  -0.0070
  169   -0.0214  -0.0161
  170   -0.0658  -0.0252
  171   -0.0828  -0.0305
  172   -0.0727  -0.0197
  173   -0.0358  -0.0187
  174   -0.0086  -0.0206
  175    0.0132  -0.0101
  176    0.0106  -0.0142
  177    0.0115  -0.0154
  178   -0.0089  -0.0216
  179   -0.0497  -0.0182
  180   -0.0756  -0.0031
  181   -0.0835   0.0036
  182   -0.0648   0.0019
  183   -0.0120  -0.0079
  184    0.0535  -0.0101
  185    0.1039   0.0014
  186    0.1205   0.0031
  187    0.0895  -0.0031
  188    0.0197   0.0050
  189   -0.0343   0.0185
  190   -0.0545   0.0182
  191   -0.0391   0.0211
  192   -0.0074   0.0113
  193    0.0257   0.0074
  194    0.0528   0.0055
  195    0.0535   0.0058
  196    0.0281  -0.0036
  197   -0.0103   0.0060
  198   -0.0626   0.0062
  199   -0.0924  -0.0029
  200   -0.0974   0.0010
  201   -0.0626  -0.0094
  202   -0.0144  -0.0053
  203    0.0293  -0.0050
  204    0.0600   0.0058
  205    0.0797   0.0079
  206    0.0823   0.0017
  207    0.0653   0.0022
  208    0.0362  -0.0060
  209    0.0106  -0.0216
  210   -0.0005  -0.0108
  211   -0.0014  -0.0002
  212   -0.0084   0.0050
  213   -0.0139   0.0199
  214   -0.0022   0.0228
  215    0.0019   0.0000
  216    0.0029  -0.0084
  217   -0.0077   0.0046
  218   -0.0209   0.0257
  219   -0.0382   0.0322
  220   -0.0425   0.0144
  221   -0.0398   0.0048
  222   -0.0437  -0.0038
  223   -0.0466  -0.0089
  224   -0.0538  -0.0101
  225   -0.0610  -0.0120
  226   -0.0492  -0.0259
  227   -0.0190  -0.0235
  228    0.0199  -0.0211
  229    0.0389  -0.0106
  230    0.0425   0.0005
  231    0.0401  -0.0022
  232    0.0425  -0.0084
  233    0.0482  -0.0190
  234    0.0461  -0.0110
  235    0.0319  -0.0130
  236    0.0182  -0.0310
  237    0.0221  -0.0269
  238    0.0331  -0.0187
  239    0.0341  -0.0072
  240    0.0269   0.0084
  241    0.0151   0.0281
  242   -0.0002   0.0262
  243   -0.0139   0.0079
  244   -0.0202   0.0091
  245   -0.0166   0.0130
  246   -0.0046   0.0269
  247   -0.0180   0.0355
  248   -0.0406   0.0259
  249   -0.0521   0.0132
  250   -0.0602   0.0098
  251   -0.0566   0.0031
  252   -0.0324  -0.0036
  253    0.0019   0.0130
  254    0.0166   0.0084
  255    0.0091  -0.0034
  256    0.0019  -0.0144
  257    0.0026  -0.0170
  258    0.0110  -0.0187
  259    0.0204  -0.0235
  260    0.0182  -0.0089
  261    0.0214   0.0031
  262    0.0137   0.0017
  263    0.0072   0.0079
  264   -0.0024  -0.0014
  265   -0.0007   0.0014
  266    0.0055   0.0149
  267    0.0065   0.0130
  268    0.0098   0.0103
  269    0.0036   0.0137
  270   -0.0041   0.0247
  271   -0.0058   0.0130
  272    0.0014  -0.0026
  273    0.0170  -0.0187
  274    0.0326  -0.0204
  275    0.0446   0.0038
  276    0.0367   0.0158
  277    0.0269   0.0202
  278    0.0125   0.0094
  279   -0.0024  -0.0101
  280   -0.0175  -0.0230
  281   -0.0175  -0.0192
  282   -0.0118  -0.0180
  283   -0.0115  -0.0223
  284   -0.0058  -0.0266
  285   -0.0086  -0.0293
  286   -0.0223  -0.0245
  287   -0.0367  -0.0158
  288   -0.0509  -0.0240
  289   -0.0514  -0.0120
  290   -0.0401   0.0103
  291   -0.0245   0.0151
  292   -0.0055   0.0125
  293    0.0170   0.0149
  294    0.0168   0.0158
  295    0.0038   0.0142
  296    0.0041   0.0158
  297    0.0067   0.0166
  298    0.0106   0.0108
  299    0.0158   0.0026
  300    0.0127  -0.0031
  301    0.0206  -0.0005
  302    0.0302  -0.0115
  303    0.0343  -0.0108
  304    0.0259   0.0012
  305    0.0118   0.0065
  306   -0.0012   0.0029
  307   -0.0142   0.0002
  308   -0.0230  -0.0134
  309   -0.0322  -0.0317
  310   -0.0406  -0.0038
  311   -0.0374   0.0158
  312   -0.0271   0.0024
  313   -0.0194  -0.0151
  314   -0.0146  -0.0125
  315   -0.0058   0.0067
  316   -0.0002   0.0154
  317    0.0036   0.0185
  318   -0.0007   0.0101
  319   -0.0055   0.0067
  320    0.0014   0.0091
  321    0.0110   0.0120
  322    0.0271   0.0113
  323    0.0446   0.0034
  324    0.0478   0.0072
  325    0.0379   0.0130
  326    0.0302   0.0154
  327    0.0132   0.0065
  328   -0.0091  -0.0043
  329   -0.0182  -0.0127
  330   -0.0216   0.0034
  331   -0.0137   0.0118
  332   -0.0002   0.0187
  333    0.0082   0.0125
  334    0.0089  -0.0036
  335    0.0048  -0.0096
  336    0.0053  -0.0089
  337   -0.0074  -0.0019
  338   -0.0230  -0.0010
  339   -0.0312  -0.0017
  340   -0.0235   0.0012
  341   -0.0065  -0.0002
  342    0.0074  -0.0038
  343    0.0187  -0.0062
  344    0.0250  -0.0125
  345    0.0211  -0.0180
  346    0.0098  -0.0038
  347    0.0062   0.0002
  348   -0.0048   0.0048
  349   -0.0041   0.0084
  350   -0.0002   0.0101
  351    0.0185   0.0134
  352    0.0362   0.0194
  353    0.0317   0.0149
  354    0.0077   0.0026
  355   -0.0146  -0.0026
  356   -0.0274   0.0074
  357   -0.0209   0.0029
  358   -0.0074  -0.0060
  359   -0.0115   0.0038
  360   -0.0146   0.0228
  361   -0.0060   0.0096
  362   -0.0007  -0.0276
  363   -0.0026  -0.0269
  364   -0.0031  -0.0233
  365   -0.0110  -0.0281
  366   -0.0132  -0.0125
  367   -0.0132  -0.0091
  368   -0.0103  -0.0286
  369    0.0024  -0.0206
  370    0.0010  -0.0002
  371    0.0038   0.0077
  372    0.0000   0.0022
  373    0.0086  -0.0096
  374    0.0089  -0.0031
  375   -0.0005  -0.0050
  376   -0.0118  -0.0082
  377   -0.0106  -0.0055
  378   -0.0070  -0.0173
  379   -0.0024  -0.0154
  380   -0.0038  -0.0060
  381   -0.0007  -0.0055
  382    0.0031  -0.0199
  383    0.0029  -0.0168
  384    0.0005  -0.0067
  385    0.0005   0.0139
  386   -0.0002   0.0137
  387    0.0014  -0.0024
  388    0.0050   0.0024
  389    0.0134   0.0089
  390    0.0158  -0.0019
  391    0.0144   0.0010
  392    0.0106   0.0065
  393    0.0067  -0.0043
  394   -0.0034  -0.0082
  395   -0.0211  -0.0010
  396   -0.0254   0.0043
  397   -0.0127   0.0158
  398   -0.0005   0.0221
  399    0.0022   0.0098
  400   -0.0089   0.0072
  401   -0.0185  -0.0010
  402   -0.0221  -0.0060
  403   -0.0180  -0.0026
  404   -0.0058   0.0101
  405   -0.0007   0.0221
  406    0.0007   0.0334
  407    0.0091   0.0264
  408    0.0144   0.0161
  409    0.0218   0.0101
  410    0.0211   0.0046
  411    0.0187  -0.0062
  412    0.0204  -0.0115
  413    0.0245   0.0067
  414    0.0226   0.0254
  415    0.0190   0.0247
  416    0.0074   0.0022
  417    0.0067  -0.0065
  418    0.0084   0.0026
  419    0.0074   0.0007
  420    0.0094   0.0132
  421    0.0072   0.0252
  422    0.0007   0.0125
  423   -0.0074  -0.0014
  424   -0.0149  -0.0118
  425   -0.0110  -0.0185
  426   -0.0086  -0.0125
  427   -0.0156   0.0034
  428   -0.0180   0.0060
  429   -0.0084   0.0149
  430    0.0043   0.0166
  431   -0.0007   0.0098
  432   -0.0122   0.0043
  433   -0.0144  -0.0089
  434   -0.0096  -0.0240
  435   -0.0156  -0.0288
  436   -0.0132  -0.0264
  437   -0.0067  -0.0146
  438   -0.0098  -0.0070
  439   -0.0029  -0.0026
  440    0.0034  -0.0062
  441    0.0058  -0.0062
  442    0.0166  -0.0022
  443    0.0197  -0.0072
  444    0.0151  -0.0149
  445    0.0058  -0.0134
  446   -0.0010  -0.0079
  447   -0.0012  -0.0221
  448   -0.0022  -0.0228
  449   -0.0077  -0.0026
  450   -0.0046   0.0058
  451    0.0041   0.0166
  452    0.0053   0.0206
  453   -0.0012   0.0060
  454   -0.0127   0.0010
  455   -0.0180   0.0041
  456   -0.0053   0.0019
  457    0.0077   0.0142
  458    0.0065   0.0202
  459   -0.0005   0.0043
  460   -0.0074  -0.0079
  461   -0.0024  -0.0065
  462    0.0026   0.0002
  463    0.0053  -0.0060
  464    0.0036  -0.0098
  465   -0.0014  -0.0134
  466   -0.0074  -0.0166
  467   -0.0077  -0.0115
  468   -0.0041  -0.0007
  469   -0.0002   0.0055
  470    0.0005   0.0106
  471    0.0012   0.0122
  472    0.0010   0.0067
  473    0.0038   0.0036
  474    0.0031   0.0043
  475    0.0019   0.0014
  476    0.0000  -0.0022
  477    0.0029  -0.0002
  478    0.0038   0.0026
  479    0.0034   0.0012
  480    0.0017   0.0005
  481    0.0014   0.0017
  482    0.0012   0.0000
  483    0.0022  -0.0007
  484    0.0024  -0.0002
  485    0.0012   0.0002
  486    0.0005  -0.0010
  487   -0.0005   0.0000
  488   -0.0007  -0.0002
  489   -0.0007  -0.0002
  490   -0.0002  -0.0002
  491    0.0000   0.0000
  492    0.0000   0.0002
  493    0.0000  -0.0002
  494   -0.0002  -0.0002
  495    0.0000  -0.0002
  496    0.0000   0.0000
  497    0.0000   0.0000
  498    0.0000   0.0000
  499    0.0000   0.0000
  500    0.0000   0.0000
  501    0.0000   0.0000
  502    0.0000   0.0000
  503    0.0000   0.0000
  504    0.0000   0.0000
  505    0.0000   0.0000
  506    0.0000   0.0000
  507    0.0000   0.0000
  508    0.0000   0.0000
  509    0.0000   0.0000
  510    0.0000   0.0000
  511    0.0000   0.0000
  512    0.0000   0.0000
