Echo A : GREBAS~1.DTA   
Time Period: 0.04-20.48msec
   No.  A (mPa)  An (mPa)
    1    0.0000   0.0000
    2    0.0000   0.0000
    3    0.0000   0.0000
    4    0.0000   0.0000
    5    0.0000   0.0000
    6    0.0000   0.0000
    7    0.0000   0.0000
    8    0.0000   0.0000
    9    0.0000   0.0000
   10    0.0000   0.0000
   11    0.0000   0.0000
   12    0.0000   0.0000
   13    0.0000   0.0000
   14    0.0000   0.0000
   15    0.0000   0.0000
   16    0.0000   0.0000
   17    0.0000   0.0000
   18    0.0000   0.0000
   19    0.0000   0.0000
   20    0.0000   0.0000
   21    0.0000   0.0000
   22    0.0000   0.0000
   23    0.0000   0.0000
   24    0.0000   0.0000
   25    0.0000   0.0000
   26    0.0000   0.0000
   27    0.0000   0.0000
   28    0.0000   0.0000
   29    0.0000   0.0000
   30    0.0000   0.0000
   31    0.0000   0.0000
   32    0.0000   0.0000
   33    0.0000   0.0000
   34    0.0000   0.0000
   35    0.0000   0.0000
   36    0.0000   0.0000
   37    0.0000   0.0000
   38    0.0000   0.0000
   39    0.0000   0.0000
   40    0.0000   0.0000
   41    0.0000   0.0000
   42    0.0000   0.0000
   43    0.0000   0.0000
   44    0.0000   0.0000
   45    0.0000   0.0000
   46    0.0000   0.0000
   47    0.0000   0.0000
   48    0.0000   0.0000
   49    0.0000   0.0000
   50    0.0000   0.0000
   51    0.0000  -0.0002
   52    0.0000  -0.0002
   53    0.0002  -0.0002
   54    0.0002  -0.0002
   55    0.0005  -0.0002
   56    0.0005  -0.0002
   57    0.0007  -0.0002
   58    0.0007  -0.0002
   59    0.0010  -0.0002
   60    0.0012  -0.0002
   61    0.0014  -0.0002
   62    0.0017  -0.0002
   63    0.0019  -0.0002
   64    0.0022  -0.0002
   65    0.0024  -0.0005
   66    0.0029  -0.0005
   67    0.0029  -0.0005
   68    0.0026  -0.0002
   69    0.0036   0.0002
   70    0.0065   0.0002
   71    0.0067  -0.0002
   72    0.0012  -0.0005
   73   -0.0024  -0.0010
   74   -0.0012  -0.0012
   75    0.0014  -0.0007
   76    0.0048   0.0010
   77    0.0007   0.0000
   78   -0.0043  -0.0019
   79    0.0067  -0.0036
   80    0.0115  -0.0050
   81   -0.0002  -0.0055
   82   -0.0130  -0.0024
   83   -0.0302  -0.0019
   84   -0.0288  -0.0060
   85    0.0050  -0.0058
   86    0.0245  -0.0050
   87    0.0214  -0.0065
   88    0.0053  -0.0046
   89   -0.0319  -0.0058
   90   -0.0334  -0.0002
   91    0.0017   0.0079
   92    0.0142   0.0050
   93   -0.0017  -0.0029
   94   -0.0329  -0.0065
   95   -0.0418   0.0014
   96    0.0012   0.0053
   97    0.0670   0.0062
   98    0.0967   0.0014
   99    0.0490  -0.0038
  100   -0.0266  -0.0019
  101   -0.0785   0.0182
  102   -0.0768   0.0286
  103   -0.0629   0.0235
  104   -0.0626   0.0166
  105   -0.0523   0.0084
  106    0.0247   0.0082
  107    0.1159   0.0089
  108    0.1013  -0.0007
  109   -0.0118   0.0101
  110   -0.0998   0.0108
  111   -0.0998   0.0029
  112    0.0082   0.0036
  113    0.0946   0.0110
  114    0.0586   0.0187
  115   -0.0094   0.0228
  116   -0.0497   0.0067
  117   -0.0504  -0.0031
  118    0.0125  -0.0067
  119    0.0744  -0.0036
  120    0.0862   0.0041
  121    0.0576   0.0079
  122   -0.0245  -0.0067
  123   -0.0982  -0.0298
  124   -0.0574  -0.0461
  125    0.0240  -0.0382
  126    0.0566  -0.0185
  127    0.0221   0.0046
  128   -0.0631   0.0055
  129   -0.1068  -0.0019
  130   -0.0329  -0.0089
  131    0.1097  -0.0199
  132    0.2162  -0.0288
  133    0.2035  -0.0130
  134    0.0641  -0.0017
  135   -0.1294  -0.0034
  136   -0.2587  -0.0096
  137   -0.2729  -0.0166
  138   -0.1637  -0.0218
  139    0.0050  -0.0084
  140    0.1270   0.0067
  141    0.1546   0.0269
  142    0.1054   0.0350
  143    0.0341   0.0211
  144   -0.0149   0.0139
  145   -0.0276   0.0031
  146   -0.0257  -0.0026
  147   -0.0439  -0.0108
  148   -0.0334  -0.0079
  149   -0.0079  -0.0014
  150   -0.0019   0.0089
  151    0.0010   0.0235
  152    0.0358   0.0235
  153    0.0708   0.0211
  154    0.1147  -0.0010
  155    0.1258  -0.0204
  156    0.0598  -0.0194
  157   -0.0406  -0.0127
  158   -0.0898  -0.0060
  159   -0.0989  -0.0074
  160   -0.0835  -0.0053
  161   -0.0674  -0.0014
  162   -0.0751  -0.0043
  163   -0.0598  -0.0137
  164   -0.0074  -0.0151
  165    0.0420  -0.0014
  166    0.0994  -0.0036
  167    0.1392  -0.0012
  168    0.1073   0.0046
  169    0.0214   0.0014
  170   -0.0766   0.0108
  171   -0.1286   0.0050
  172   -0.0857   0.0089
  173    0.0353   0.0089
  174    0.1291   0.0115
  175    0.1442   0.0091
  176    0.0991  -0.0046
  177    0.0221  -0.0031
  178   -0.0317   0.0154
  179   -0.0451   0.0134
  180   -0.0394   0.0156
  181   -0.0290   0.0158
  182   -0.0401   0.0072
  183   -0.0626  -0.0046
  184   -0.0682  -0.0043
  185   -0.0341   0.0070
  186    0.0139   0.0113
  187    0.0454   0.0067
  188    0.0492   0.0002
  189    0.0149  -0.0098
  190   -0.0432  -0.0170
  191   -0.0662  -0.0113
  192   -0.0636  -0.0098
  193   -0.0540   0.0038
  194   -0.0312   0.0146
  195   -0.0262   0.0002
  196   -0.0173  -0.0096
  197    0.0187  -0.0065
  198    0.0655  -0.0077
  199    0.0871  -0.0041
  200    0.0881  -0.0199
  201    0.0598  -0.0290
  202    0.0079  -0.0413
  203   -0.0437  -0.0442
  204   -0.0871  -0.0240
  205   -0.0965  -0.0077
  206   -0.0439   0.0043
  207    0.0168   0.0058
  208    0.0782   0.0084
  209    0.1253   0.0048
  210    0.1157  -0.0094
  211    0.0451  -0.0010
  212   -0.0334   0.0163
  213   -0.1018   0.0149
  214   -0.1236   0.0036
  215   -0.0826  -0.0012
  216    0.0017   0.0113
  217    0.0763   0.0326
  218    0.1193   0.0228
  219    0.1411   0.0194
  220    0.1399   0.0118
  221    0.1236   0.0216
  222    0.0655   0.0199
  223   -0.0408   0.0043
  224   -0.1613  -0.0019
  225   -0.2338  -0.0019
  226   -0.2244   0.0041
  227   -0.1274  -0.0026
  228   -0.0214  -0.0038
  229    0.0578   0.0026
  230    0.0910   0.0089
  231    0.0756   0.0084
  232    0.0286   0.0060
  233   -0.0036  -0.0091
  234   -0.0132  -0.0158
  235   -0.0338  -0.0108
  236   -0.0470  -0.0106
  237   -0.0595  -0.0084
  238   -0.0667  -0.0175
  239   -0.0185  -0.0235
  240    0.0778  -0.0067
  241    0.1498  -0.0022
  242    0.1742   0.0048
  243    0.1332   0.0084
  244    0.0403   0.0062
  245   -0.0346   0.0014
  246   -0.0797  -0.0012
  247   -0.0986  -0.0082
  248   -0.1032  -0.0005
  249   -0.0821   0.0146
  250   -0.0667   0.0139
  251   -0.0422   0.0204
  252   -0.0079   0.0182
  253    0.0173   0.0086
  254    0.0554   0.0065
  255    0.0706   0.0060
  256    0.0420   0.0170
  257   -0.0084   0.0110
  258   -0.0372   0.0060
  259   -0.0492   0.0050
  260   -0.0343   0.0074
  261    0.0101   0.0156
  262    0.0586   0.0079
  263    0.0881   0.0005
  264    0.0972  -0.0029
  265    0.0643   0.0024
  266    0.0266  -0.0115
  267    0.0012  -0.0288
  268   -0.0137  -0.0216
  269   -0.0010  -0.0214
  270    0.0178  -0.0233
  271    0.0089  -0.0137
  272   -0.0072  -0.0074
  273   -0.0302   0.0029
  274   -0.0422   0.0053
  275   -0.0446  -0.0005
  276   -0.0458  -0.0120
  277   -0.0468  -0.0151
  278   -0.0478  -0.0115
  279   -0.0446  -0.0012
  280   -0.0442   0.0043
  281   -0.0290  -0.0082
  282    0.0055  -0.0062
  283    0.0324   0.0096
  284    0.0502   0.0098
  285    0.0526   0.0086
  286    0.0300   0.0110
  287    0.0257   0.0029
  288    0.0485  -0.0086
  289    0.0566  -0.0055
  290    0.0276   0.0158
  291   -0.0060   0.0218
  292   -0.0485   0.0211
  293   -0.0691   0.0139
  294   -0.0506  -0.0072
  295   -0.0182  -0.0187
  296    0.0173  -0.0120
  297    0.0490   0.0014
  298    0.0310  -0.0029
  299    0.0089  -0.0113
  300   -0.0194   0.0034
  301   -0.0394  -0.0024
  302   -0.0415  -0.0050
  303   -0.0242  -0.0067
  304   -0.0144  -0.0029
  305   -0.0130  -0.0166
  306   -0.0079  -0.0228
  307   -0.0010  -0.0269
  308    0.0115   0.0010
  309    0.0226   0.0163
  310    0.0331   0.0134
  311    0.0346  -0.0019
  312    0.0230  -0.0086
  313   -0.0019   0.0012
  314   -0.0226   0.0067
  315   -0.0175   0.0132
  316   -0.0113  -0.0010
  317   -0.0058  -0.0096
  318   -0.0005  -0.0086
  319   -0.0019  -0.0043
  320   -0.0007  -0.0007
  321    0.0079  -0.0053
  322    0.0149  -0.0120
  323    0.0214  -0.0204
  324    0.0250  -0.0170
  325    0.0130  -0.0026
  326   -0.0206   0.0194
  327   -0.0473   0.0310
  328   -0.0475   0.0223
  329   -0.0334   0.0257
  330    0.0026   0.0264
  331    0.0449   0.0322
  332    0.0492   0.0262
  333    0.0386   0.0089
  334    0.0151  -0.0096
  335   -0.0190  -0.0115
  336   -0.0322  -0.0002
  337   -0.0314  -0.0026
  338   -0.0211  -0.0026
  339    0.0019  -0.0098
  340    0.0175  -0.0118
  341    0.0228  -0.0036
  342    0.0475  -0.0130
  343    0.0643  -0.0053
  344    0.0547   0.0024
  345    0.0281  -0.0024
  346   -0.0154  -0.0098
  347   -0.0569  -0.0206
  348   -0.0622  -0.0101
  349   -0.0266   0.0043
  350   -0.0096   0.0072
  351   -0.0029  -0.0014
  352   -0.0017  -0.0031
  353   -0.0031   0.0072
  354   -0.0010   0.0257
  355    0.0127   0.0274
  356    0.0163   0.0250
  357    0.0125   0.0079
  358   -0.0022   0.0101
  359   -0.0211   0.0137
  360   -0.0252   0.0156
  361   -0.0158   0.0192
  362   -0.0142   0.0216
  363    0.0014   0.0077
  364    0.0180  -0.0002
  365    0.0235  -0.0074
  366    0.0245  -0.0130
  367    0.0158  -0.0170
  368   -0.0101  -0.0221
  369   -0.0338  -0.0216
  370   -0.0466  -0.0142
  371   -0.0490  -0.0242
  372   -0.0427  -0.0094
  373   -0.0264   0.0079
  374   -0.0058   0.0082
  375    0.0209   0.0118
  376    0.0384  -0.0050
  377    0.0343  -0.0089
  378    0.0286  -0.0151
  379    0.0134  -0.0146
  380   -0.0130  -0.0031
  381   -0.0278   0.0014
  382   -0.0156   0.0110
  383   -0.0086   0.0084
  384    0.0019   0.0000
  385    0.0223  -0.0010
  386    0.0348  -0.0125
  387    0.0329  -0.0139
  388    0.0154  -0.0010
  389   -0.0010  -0.0038
  390   -0.0089  -0.0144
  391   -0.0067  -0.0144
  392   -0.0084  -0.0108
  393   -0.0113  -0.0127
  394   -0.0106  -0.0146
  395   -0.0079  -0.0146
  396    0.0077  -0.0091
  397    0.0084   0.0098
  398    0.0180   0.0252
  399    0.0257   0.0046
  400    0.0223  -0.0026
  401    0.0098  -0.0091
  402    0.0017  -0.0065
  403    0.0000   0.0086
  404   -0.0060   0.0192
  405   -0.0108   0.0115
  406   -0.0065   0.0062
  407   -0.0024  -0.0031
  408    0.0137  -0.0130
  409    0.0353  -0.0048
  410    0.0444   0.0012
  411    0.0310   0.0089
  412    0.0115   0.0154
  413   -0.0161   0.0139
  414   -0.0370   0.0022
  415   -0.0350  -0.0055
  416   -0.0334  -0.0170
  417   -0.0214  -0.0026
  418   -0.0048   0.0043
  419    0.0149   0.0108
  420    0.0209   0.0091
  421    0.0149   0.0029
  422    0.0029   0.0058
  423   -0.0206   0.0089
  424   -0.0206   0.0211
  425   -0.0130   0.0281
  426   -0.0204   0.0228
  427   -0.0199   0.0180
  428   -0.0130   0.0000
  429   -0.0007  -0.0055
  430    0.0163   0.0149
  431    0.0322   0.0199
  432    0.0384   0.0161
  433    0.0245   0.0072
  434    0.0000  -0.0067
  435   -0.0163  -0.0122
  436   -0.0113  -0.0190
  437   -0.0065  -0.0168
  438   -0.0156  -0.0074
  439   -0.0163   0.0055
  440   -0.0084  -0.0002
  441   -0.0070  -0.0211
  442   -0.0036  -0.0288
  443    0.0017  -0.0139
  444    0.0024  -0.0041
  445    0.0031  -0.0077
  446   -0.0072  -0.0060
  447   -0.0216  -0.0178
  448   -0.0197  -0.0154
  449   -0.0192  -0.0175
  450   -0.0216  -0.0252
  451   -0.0130  -0.0163
  452    0.0149  -0.0106
  453    0.0341  -0.0091
  454    0.0437  -0.0010
  455    0.0346   0.0079
  456    0.0122   0.0072
  457   -0.0038   0.0113
  458   -0.0137   0.0146
  459   -0.0137   0.0098
  460   -0.0142   0.0101
  461   -0.0144   0.0130
  462   -0.0106   0.0130
  463    0.0036   0.0072
  464    0.0110   0.0031
  465    0.0108  -0.0002
  466    0.0074  -0.0043
  467    0.0058  -0.0017
  468    0.0014   0.0012
  469   -0.0019   0.0036
  470   -0.0043   0.0007
  471   -0.0024  -0.0005
  472    0.0012   0.0031
  473    0.0038   0.0048
  474    0.0026   0.0029
  475    0.0005   0.0026
  476   -0.0002   0.0017
  477    0.0000   0.0002
  478    0.0007   0.0012
  479    0.0024   0.0031
  480    0.0022   0.0041
  481    0.0012   0.0031
  482   -0.0005   0.0026
  483   -0.0010   0.0002
  484   -0.0005  -0.0017
  485    0.0000  -0.0019
  486    0.0000   0.0010
  487    0.0005   0.0031
  488    0.0017   0.0022
  489    0.0019  -0.0010
  490    0.0012  -0.0014
  491    0.0000  -0.0010
  492   -0.0002  -0.0002
  493   -0.0002  -0.0002
  494    0.0000  -0.0002
  495    0.0000  -0.0002
  496    0.0000  -0.0002
  497    0.0000  -0.0002
  498    0.0000  -0.0002
  499    0.0000  -0.0002
  500    0.0000   0.0000
  501    0.0000   0.0000
  502    0.0000   0.0000
  503    0.0000   0.0000
  504    0.0000   0.0000
  505    0.0000   0.0000
  506    0.0000   0.0000
  507    0.0000   0.0000
  508    0.0000   0.0000
  509    0.0000   0.0000
  510    0.0000   0.0000
  511    0.0000   0.0000
  512    0.0000   0.0000
