Echo A : GURBAS~1.DTA   
Time Period: 0.04-20.48msec
   No.  A (mPa)  An (mPa)
    1    0.0000   0.0000
    2    0.0000   0.0000
    3    0.0000   0.0000
    4    0.0000   0.0000
    5    0.0000   0.0000
    6    0.0000   0.0000
    7    0.0000   0.0000
    8    0.0000   0.0000
    9    0.0000   0.0000
   10    0.0000   0.0000
   11    0.0000   0.0000
   12    0.0000   0.0000
   13    0.0000   0.0000
   14    0.0000   0.0000
   15    0.0000   0.0000
   16    0.0000   0.0000
   17    0.0000   0.0000
   18    0.0000   0.0000
   19    0.0000   0.0000
   20    0.0000   0.0000
   21    0.0000   0.0000
   22    0.0000   0.0000
   23    0.0000   0.0000
   24    0.0000   0.0000
   25    0.0000   0.0000
   26    0.0000   0.0000
   27    0.0000   0.0000
   28    0.0000   0.0000
   29    0.0000   0.0000
   30    0.0000   0.0000
   31    0.0000   0.0000
   32    0.0000   0.0000
   33    0.0000   0.0000
   34    0.0000   0.0000
   35    0.0000   0.0000
   36    0.0000   0.0000
   37    0.0000   0.0000
   38    0.0000   0.0000
   39    0.0000   0.0000
   40    0.0000   0.0000
   41    0.0000   0.0000
   42    0.0000   0.0000
   43    0.0000   0.0000
   44    0.0000   0.0000
   45    0.0000   0.0000
   46    0.0000   0.0000
   47    0.0000   0.0000
   48    0.0000   0.0000
   49    0.0000   0.0000
   50    0.0000   0.0000
   51    0.0000   0.0000
   52    0.0000   0.0000
   53    0.0000   0.0000
   54    0.0000   0.0000
   55    0.0000   0.0000
   56    0.0000   0.0000
   57    0.0000   0.0000
   58    0.0000   0.0000
   59    0.0000   0.0000
   60    0.0000   0.0002
   61    0.0000   0.0002
   62   -0.0002   0.0002
   63   -0.0002   0.0002
   64   -0.0005   0.0002
   65   -0.0002   0.0002
   66   -0.0007   0.0002
   67   -0.0024   0.0002
   68   -0.0034   0.0005
   69   -0.0007   0.0005
   70    0.0048   0.0007
   71    0.0089   0.0022
   72    0.0074   0.0041
   73    0.0014   0.0053
   74   -0.0038   0.0043
   75   -0.0089   0.0029
   76   -0.0180   0.0002
   77   -0.0259  -0.0017
   78   -0.0204  -0.0019
   79    0.0010  -0.0014
   80    0.0247  -0.0007
   81    0.0338   0.0024
   82    0.0235  -0.0002
   83    0.0012  -0.0055
   84   -0.0199  -0.0038
   85   -0.0305   0.0010
   86   -0.0166   0.0038
   87    0.0290   0.0089
   88    0.0566   0.0048
   89    0.0274  -0.0002
   90   -0.0336  -0.0014
   91   -0.0689  -0.0019
   92   -0.0264  -0.0058
   93    0.0742  -0.0060
   94    0.1296  -0.0043
   95    0.0854   0.0019
   96   -0.0142   0.0089
   97   -0.1015   0.0050
   98   -0.1378  -0.0103
   99   -0.1145  -0.0110
  100   -0.0492  -0.0079
  101    0.0166  -0.0031
  102    0.0725   0.0096
  103    0.0528   0.0142
  104   -0.0394   0.0086
  105   -0.1130   0.0010
  106   -0.0775   0.0084
  107    0.0574   0.0130
  108    0.2417   0.0226
  109    0.3144   0.0355
  110    0.1682   0.0252
  111   -0.1138  -0.0038
  112   -0.3218  -0.0187
  113   -0.3463  -0.0178
  114   -0.1382  -0.0182
  115    0.1399  -0.0098
  116    0.2640  -0.0132
  117    0.1834  -0.0362
  118    0.0449  -0.0487
  119   -0.0538  -0.0420
  120   -0.1037  -0.0252
  121   -0.1229  -0.0206
  122   -0.1476  -0.0271
  123   -0.1320  -0.0293
  124    0.0050  -0.0300
  125    0.1930  -0.0245
  126    0.2844  -0.0221
  127    0.2354  -0.0096
  128    0.1085   0.0221
  129   -0.0530   0.0170
  130   -0.1526   0.0125
  131   -0.1697   0.0086
  132   -0.1051   0.0146
  133    0.0516   0.0355
  134    0.1848   0.0427
  135    0.1735   0.0341
  136   -0.0300   0.0240
  137   -0.3101   0.0089
  138   -0.4553   0.0067
  139   -0.3288   0.0264
  140   -0.0317   0.0314
  141    0.2412   0.0302
  142    0.3432   0.0322
  143    0.2563   0.0281
  144    0.1061   0.0240
  145    0.0197   0.0216
  146    0.0557   0.0130
  147    0.1339  -0.0043
  148    0.1092  -0.0211
  149   -0.0569  -0.0367
  150   -0.2520  -0.0422
  151   -0.3154  -0.0322
  152   -0.1675  -0.0154
  153    0.0826  -0.0038
  154    0.2026  -0.0166
  155    0.1106  -0.0240
  156   -0.0914  -0.0012
  157   -0.2210   0.0199
  158   -0.2107   0.0170
  159   -0.0449   0.0264
  160    0.1627   0.0283
  161    0.2818   0.0298
  162    0.2856   0.0398
  163    0.1723   0.0271
  164   -0.0204   0.0089
  165   -0.1992  -0.0017
  166   -0.2731  -0.0235
  167   -0.2246  -0.0305
  168   -0.0658  -0.0274
  169    0.1200  -0.0257
  170    0.2201  -0.0209
  171    0.1922  -0.0127
  172    0.1001  -0.0341
  173    0.0096  -0.0408
  174   -0.0475  -0.0310
  175   -0.0689  -0.0108
  176   -0.0910   0.0223
  177   -0.1303   0.0401
  178   -0.1409   0.0367
  179   -0.1217   0.0146
  180   -0.0972   0.0053
  181   -0.0646   0.0017
  182   -0.0094   0.0048
  183    0.0874  -0.0019
  184    0.2062  -0.0161
  185    0.2832  -0.0060
  186    0.2477   0.0142
  187    0.1051   0.0070
  188   -0.0590  -0.0017
  189   -0.2004  -0.0163
  190   -0.2928  -0.0338
  191   -0.3266  -0.0187
  192   -0.2753  -0.0154
  193   -0.1061  -0.0067
  194    0.1298   0.0096
  195    0.3283   0.0226
  196    0.4171   0.0259
  197    0.3919   0.0288
  198    0.2755   0.0151
  199    0.0818   0.0178
  200   -0.1490   0.0079
  201   -0.3576  -0.0166
  202   -0.4550  -0.0216
  203   -0.4202  -0.0108
  204   -0.2866   0.0010
  205   -0.1171   0.0082
  206    0.0523  -0.0010
  207    0.2594  -0.0106
  208    0.4706  -0.0022
  209    0.5729  -0.0002
  210    0.5009  -0.0017
  211    0.2911   0.0096
  212    0.0293   0.0070
  213   -0.1920   0.0034
  214   -0.3206   0.0043
  215   -0.3792   0.0134
  216   -0.4078   0.0137
  217   -0.3946   0.0031
  218   -0.3235  -0.0074
  219   -0.2112  -0.0158
  220   -0.0749  -0.0271
  221    0.0782  -0.0278
  222    0.2350  -0.0156
  223    0.3926  -0.0038
  224    0.4874   0.0142
  225    0.4538   0.0310
  226    0.2906   0.0374
  227    0.0706   0.0122
  228   -0.1361  -0.0233
  229   -0.2609  -0.0360
  230   -0.2839  -0.0298
  231   -0.2698  -0.0238
  232   -0.2578  -0.0012
  233   -0.2381   0.0014
  234   -0.1718  -0.0240
  235   -0.0571  -0.0264
  236    0.0629  -0.0082
  237    0.1625  -0.0072
  238    0.2162   0.0026
  239    0.2256   0.0211
  240    0.2141   0.0262
  241    0.1814   0.0238
  242    0.1445   0.0168
  243    0.1224   0.0142
  244    0.0806   0.0108
  245    0.0048   0.0166
  246   -0.1008   0.0034
  247   -0.1908  -0.0031
  248   -0.2513   0.0067
  249   -0.2642   0.0010
  250   -0.2270  -0.0094
  251   -0.1697  -0.0103
  252   -0.0934  -0.0252
  253    0.0024  -0.0358
  254    0.0922  -0.0187
  255    0.1514   0.0000
  256    0.1886  -0.0125
  257    0.2165  -0.0130
  258    0.2496  -0.0118
  259    0.2688  -0.0002
  260    0.2371   0.0098
  261    0.1579   0.0245
  262    0.0545   0.0250
  263   -0.0684   0.0118
  264   -0.2136   0.0072
  265   -0.3559   0.0103
  266   -0.4162   0.0247
  267   -0.3557   0.0223
  268   -0.1961   0.0269
  269   -0.0485   0.0290
  270    0.0338   0.0334
  271    0.0437   0.0276
  272    0.0310   0.0214
  273    0.0526   0.0043
  274    0.1250  -0.0029
  275    0.2004  -0.0199
  276    0.2213  -0.0288
  277    0.2011  -0.0372
  278    0.1469  -0.0420
  279    0.0674  -0.0432
  280   -0.0350  -0.0269
  281   -0.1118   0.0048
  282   -0.1289   0.0269
  283   -0.1046   0.0391
  284   -0.0773   0.0338
  285   -0.0607   0.0290
  286   -0.0562   0.0238
  287   -0.0655   0.0060
  288   -0.0552   0.0050
  289   -0.0398   0.0086
  290   -0.0214  -0.0173
  291   -0.0034  -0.0374
  292    0.0048  -0.0365
  293    0.0434  -0.0240
  294    0.0958  -0.0408
  295    0.1262  -0.0566
  296    0.1054  -0.0398
  297    0.0708  -0.0238
  298    0.0252  -0.0180
  299   -0.0329   0.0199
  300   -0.0804   0.0468
  301   -0.1214   0.0533
  302   -0.1315   0.0631
  303   -0.0931   0.0593
  304   -0.0079   0.0506
  305    0.0689   0.0593
  306    0.0941   0.0533
  307    0.0866   0.0233
  308    0.0670   0.0026
  309    0.0694  -0.0336
  310    0.0650  -0.0490
  311    0.0463  -0.0346
  312    0.0216  -0.0269
  313   -0.0065  -0.0305
  314   -0.0365  -0.0257
  315   -0.0550  -0.0204
  316   -0.0799  -0.0178
  317   -0.1030  -0.0310
  318   -0.0806  -0.0379
  319   -0.0274  -0.0288
  320   -0.0019  -0.0082
  321    0.0252   0.0074
  322    0.0559   0.0002
  323    0.0730  -0.0098
  324    0.0881  -0.0185
  325    0.0799  -0.0247
  326    0.0487  -0.0302
  327    0.0218  -0.0178
  328   -0.0022  -0.0094
  329   -0.0276   0.0043
  330   -0.0451   0.0158
  331   -0.0581   0.0199
  332   -0.0602   0.0235
  333   -0.0658   0.0206
  334   -0.0614   0.0086
  335   -0.0648  -0.0026
  336   -0.0602   0.0031
  337   -0.0180   0.0026
  338    0.0206  -0.0151
  339    0.0506  -0.0295
  340    0.0634  -0.0168
  341    0.0545   0.0096
  342    0.0312   0.0317
  343    0.0118   0.0216
  344    0.0098   0.0072
  345    0.0086   0.0038
  346    0.0127   0.0235
  347    0.0144   0.0617
  348    0.0142   0.0576
  349    0.0269   0.0257
  350    0.0360   0.0276
  351    0.0463   0.0137
  352    0.0410  -0.0079
  353   -0.0010  -0.0017
  354   -0.0730   0.0031
  355   -0.1373   0.0029
  356   -0.1867   0.0048
  357   -0.1886   0.0043
  358   -0.1255   0.0132
  359   -0.0360   0.0067
  360    0.0355  -0.0154
  361    0.0866  -0.0132
  362    0.1075  -0.0034
  363    0.1162  -0.0031
  364    0.1325  -0.0055
  365    0.1147  -0.0137
  366    0.0607  -0.0158
  367    0.0125  -0.0334
  368   -0.0254  -0.0504
  369   -0.0703  -0.0482
  370   -0.1006  -0.0554
  371   -0.1109  -0.0559
  372   -0.0773  -0.0461
  373    0.0118  -0.0463
  374    0.0970  -0.0288
  375    0.1500  -0.0178
  376    0.1675  -0.0031
  377    0.1522  -0.0024
  378    0.0996  -0.0048
  379    0.0319  -0.0031
  380   -0.0379  -0.0002
  381   -0.1097  -0.0024
  382   -0.1476   0.0199
  383   -0.1260   0.0418
  384   -0.0794   0.0461
  385   -0.0252   0.0593
  386    0.0362   0.0686
  387    0.0922   0.0564
  388    0.1188   0.0295
  389    0.1090   0.0206
  390    0.0749   0.0252
  391    0.0089   0.0163
  392   -0.0523   0.0221
  393   -0.0965   0.0283
  394   -0.1250   0.0180
  395   -0.1294   0.0062
  396   -0.1135   0.0041
  397   -0.0694  -0.0149
  398   -0.0053  -0.0293
  399    0.0254  -0.0226
  400    0.0418  -0.0163
  401    0.0658  -0.0355
  402    0.0665  -0.0408
  403    0.0706  -0.0154
  404    0.0655   0.0060
  405    0.0233   0.0298
  406   -0.0451   0.0314
  407   -0.1027   0.0158
  408   -0.1198   0.0137
  409   -0.1102   0.0305
  410   -0.0794   0.0490
  411   -0.0350   0.0530
  412    0.0055   0.0401
  413    0.0619   0.0096
  414    0.1080  -0.0014
  415    0.1094  -0.0180
  416    0.0662  -0.0194
  417    0.0216  -0.0019
  418   -0.0062  -0.0043
  419   -0.0079  -0.0252
  420   -0.0019  -0.0389
  421   -0.0192  -0.0497
  422   -0.0343  -0.0595
  423   -0.0257  -0.0494
  424   -0.0175  -0.0338
  425   -0.0089  -0.0240
  426   -0.0005  -0.0281
  427    0.0139  -0.0425
  428    0.0432  -0.0346
  429    0.0629  -0.0192
  430    0.0478   0.0074
  431    0.0185   0.0307
  432   -0.0151   0.0194
  433   -0.0305   0.0014
  434   -0.0142   0.0019
  435    0.0029   0.0125
  436   -0.0002   0.0230
  437    0.0065   0.0235
  438    0.0118   0.0252
  439    0.0101   0.0314
  440    0.0062   0.0314
  441   -0.0158   0.0250
  442   -0.0305   0.0089
  443   -0.0300  -0.0113
  444   -0.0403  -0.0293
  445   -0.0480  -0.0329
  446   -0.0408  -0.0233
  447   -0.0158  -0.0108
  448    0.0168  -0.0086
  449    0.0386  -0.0055
  450    0.0343  -0.0041
  451    0.0252  -0.0077
  452    0.0252   0.0029
  453    0.0271   0.0218
  454    0.0156   0.0226
  455   -0.0185   0.0199
  456   -0.0403   0.0209
  457   -0.0425   0.0130
  458   -0.0348   0.0046
  459   -0.0161   0.0014
  460    0.0065   0.0053
  461    0.0132   0.0019
  462    0.0240  -0.0014
  463    0.0437   0.0043
  464    0.0499   0.0019
  465    0.0394  -0.0010
  466    0.0209   0.0060
  467   -0.0014   0.0089
  468   -0.0096  -0.0053
  469   -0.0134  -0.0130
  470   -0.0168  -0.0127
  471   -0.0146  -0.0072
  472   -0.0089   0.0005
  473   -0.0053   0.0070
  474    0.0005   0.0022
  475    0.0022  -0.0019
  476    0.0002  -0.0058
  477   -0.0031  -0.0079
  478   -0.0046  -0.0079
  479   -0.0026  -0.0101
  480    0.0000  -0.0086
  481   -0.0007  -0.0072
  482    0.0002  -0.0079
  483    0.0026  -0.0043
  484    0.0043  -0.0014
  485    0.0029   0.0007
  486    0.0014   0.0038
  487    0.0014   0.0043
  488    0.0010   0.0024
  489    0.0005   0.0019
  490   -0.0002   0.0019
  491   -0.0010   0.0012
  492   -0.0017   0.0007
  493   -0.0014   0.0005
  494   -0.0007   0.0002
  495   -0.0002   0.0002
  496   -0.0002   0.0000
  497    0.0000   0.0002
  498    0.0000   0.0002
  499    0.0000   0.0002
  500    0.0000   0.0000
  501    0.0000   0.0000
  502    0.0000   0.0000
  503    0.0000   0.0000
  504    0.0000   0.0000
  505    0.0000   0.0000
  506    0.0000   0.0000
  507    0.0000   0.0000
  508    0.0000   0.0000
  509    0.0000   0.0000
  510    0.0000   0.0000
  511    0.0000   0.0000
  512    0.0000   0.0000
