Echo A : JILBASE1.DTA   
Time Period: 0.04-20.48msec
   No.  A (mPa)  An (mPa)
    1    0.0000   0.0000
    2    0.0000   0.0000
    3    0.0000   0.0000
    4    0.0000   0.0000
    5    0.0000   0.0000
    6    0.0000   0.0000
    7    0.0000   0.0000
    8    0.0000   0.0000
    9    0.0000   0.0000
   10    0.0000   0.0000
   11    0.0000   0.0000
   12    0.0000   0.0000
   13    0.0000   0.0000
   14    0.0000   0.0000
   15    0.0000   0.0000
   16    0.0000   0.0000
   17    0.0000   0.0000
   18    0.0000   0.0000
   19    0.0000   0.0000
   20    0.0000   0.0000
   21    0.0000   0.0000
   22    0.0000   0.0000
   23    0.0000   0.0000
   24    0.0000   0.0000
   25    0.0000   0.0000
   26    0.0000   0.0000
   27    0.0000   0.0000
   28    0.0000   0.0000
   29    0.0000   0.0000
   30    0.0000   0.0000
   31    0.0000   0.0000
   32    0.0000   0.0000
   33    0.0000   0.0000
   34    0.0000   0.0000
   35    0.0000   0.0000
   36    0.0000   0.0000
   37    0.0000   0.0000
   38    0.0000   0.0000
   39    0.0000   0.0000
   40    0.0000   0.0000
   41    0.0000   0.0000
   42    0.0000   0.0000
   43    0.0000   0.0000
   44    0.0000   0.0002
   45    0.0000   0.0002
   46    0.0002   0.0002
   47    0.0002   0.0002
   48    0.0005   0.0002
   49    0.0005   0.0002
   50    0.0007   0.0002
   51    0.0007   0.0002
   52    0.0010   0.0002
   53    0.0012   0.0002
   54    0.0014   0.0002
   55    0.0017   0.0002
   56    0.0019   0.0002
   57    0.0022   0.0002
   58    0.0024   0.0002
   59    0.0029   0.0002
   60    0.0031   0.0002
   61    0.0036   0.0002
   62    0.0038   0.0005
   63    0.0046   0.0007
   64    0.0050   0.0007
   65    0.0058   0.0007
   66    0.0058   0.0007
   67    0.0053   0.0005
   68    0.0048   0.0002
   69    0.0055   0.0005
   70    0.0103   0.0005
   71    0.0134   0.0012
   72    0.0096   0.0017
   73    0.0031   0.0010
   74   -0.0017  -0.0007
   75   -0.0053  -0.0017
   76   -0.0019  -0.0005
   77    0.0024  -0.0005
   78   -0.0024   0.0005
   79   -0.0098   0.0002
   80   -0.0132  -0.0005
   81   -0.0199  -0.0007
   82   -0.0293  -0.0014
   83   -0.0317  -0.0017
   84   -0.0278  -0.0053
   85   -0.0180  -0.0074
   86    0.0055  -0.0067
   87    0.0218  -0.0067
   88    0.0142  -0.0019
   89    0.0007   0.0007
   90   -0.0103  -0.0050
   91   -0.0103  -0.0070
   92    0.0026  -0.0067
   93    0.0108  -0.0038
   94    0.0043  -0.0060
   95   -0.0074  -0.0096
   96   -0.0089  -0.0065
   97   -0.0029  -0.0055
   98   -0.0031  -0.0048
   99   -0.0161  -0.0048
  100   -0.0336  -0.0072
  101   -0.0542  -0.0034
  102   -0.0422   0.0029
  103   -0.0120   0.0079
  104    0.0168   0.0084
  105    0.0314   0.0022
  106    0.0310   0.0058
  107    0.0238   0.0118
  108    0.0250   0.0139
  109    0.0245   0.0115
  110    0.0240   0.0170
  111    0.0132   0.0180
  112    0.0082   0.0103
  113   -0.0019   0.0031
  114   -0.0120   0.0103
  115   -0.0132   0.0163
  116   -0.0166   0.0113
  117   -0.0142  -0.0017
  118   -0.0106  -0.0036
  119    0.0084  -0.0007
  120    0.0190   0.0077
  121    0.0125   0.0206
  122    0.0048   0.0173
  123   -0.0014  -0.0034
  124   -0.0108  -0.0144
  125   -0.0053  -0.0101
  126    0.0079  -0.0199
  127    0.0410  -0.0240
  128    0.0725  -0.0146
  129    0.0588  -0.0062
  130    0.0199  -0.0029
  131   -0.0286   0.0026
  132   -0.0622   0.0014
  133   -0.0607   0.0019
  134   -0.0437  -0.0022
  135   -0.0206  -0.0142
  136   -0.0005  -0.0202
  137    0.0113  -0.0144
  138   -0.0034  -0.0067
  139   -0.0482  -0.0060
  140   -0.0811   0.0134
  141   -0.0799   0.0228
  142   -0.0374   0.0221
  143    0.0324   0.0120
  144    0.0852  -0.0038
  145    0.0847   0.0098
  146    0.0425   0.0242
  147   -0.0046   0.0142
  148   -0.0250  -0.0029
  149   -0.0161   0.0012
  150    0.0048   0.0010
  151    0.0223  -0.0002
  152    0.0134  -0.0096
  153   -0.0125  -0.0108
  154   -0.0276   0.0000
  155   -0.0079   0.0199
  156    0.0108   0.0103
  157    0.0259  -0.0161
  158    0.0355  -0.0194
  159    0.0305  -0.0041
  160    0.0226  -0.0017
  161    0.0084  -0.0024
  162   -0.0144  -0.0038
  163   -0.0343  -0.0101
  164   -0.0494   0.0010
  165   -0.0523   0.0137
  166   -0.0317   0.0235
  167    0.0182   0.0199
  168    0.0624   0.0036
  169    0.0749  -0.0007
  170    0.0439  -0.0079
  171   -0.0022  -0.0110
  172   -0.0650  -0.0074
  173   -0.0998   0.0084
  174   -0.0914   0.0158
  175   -0.0526   0.0149
  176    0.0094   0.0079
  177    0.0605  -0.0108
  178    0.0850  -0.0204
  179    0.0730  -0.0274
  180    0.0348  -0.0180
  181    0.0149  -0.0019
  182    0.0038  -0.0010
  183   -0.0038  -0.0058
  184   -0.0091  -0.0029
  185   -0.0276  -0.0178
  186   -0.0456  -0.0235
  187   -0.0696  -0.0118
  188   -0.0886  -0.0050
  189   -0.0766  -0.0101
  190   -0.0252  -0.0026
  191    0.0271  -0.0089
  192    0.0636  -0.0053
  193    0.0821  -0.0058
  194    0.0730  -0.0007
  195    0.0593   0.0113
  196    0.0533   0.0084
  197    0.0562   0.0019
  198    0.0482  -0.0002
  199    0.0055  -0.0103
  200   -0.0502  -0.0108
  201   -0.0871  -0.0132
  202   -0.0929  -0.0084
  203   -0.0790  -0.0048
  204   -0.0504  -0.0206
  205    0.0062  -0.0324
  206    0.0490  -0.0125
  207    0.0672   0.0194
  208    0.0686   0.0235
  209    0.0564   0.0055
  210    0.0408  -0.0002
  211    0.0250  -0.0137
  212    0.0259  -0.0137
  213    0.0252   0.0000
  214    0.0338   0.0137
  215    0.0518   0.0235
  216    0.0420   0.0194
  217    0.0096   0.0122
  218   -0.0235   0.0158
  219   -0.0480   0.0271
  220   -0.0648   0.0065
  221   -0.0562  -0.0127
  222   -0.0434  -0.0101
  223   -0.0286   0.0096
  224   -0.0115   0.0197
  225    0.0019   0.0367
  226    0.0139   0.0305
  227    0.0197   0.0252
  228    0.0180   0.0211
  229    0.0053   0.0139
  230   -0.0175   0.0094
  231   -0.0343   0.0170
  232   -0.0360   0.0187
  233   -0.0230   0.0101
  234    0.0010   0.0079
  235    0.0190   0.0034
  236    0.0185   0.0038
  237    0.0175   0.0072
  238    0.0187   0.0053
  239    0.0154  -0.0062
  240    0.0086  -0.0072
  241    0.0012  -0.0101
  242   -0.0067  -0.0110
  243   -0.0190  -0.0154
  244   -0.0286  -0.0182
  245   -0.0454  -0.0170
  246   -0.0684  -0.0170
  247   -0.0958  -0.0199
  248   -0.1193  -0.0178
  249   -0.1154  -0.0257
  250   -0.0756  -0.0338
  251   -0.0230  -0.0187
  252    0.0305  -0.0014
  253    0.0763   0.0065
  254    0.1068   0.0029
  255    0.1277  -0.0084
  256    0.1356  -0.0101
  257    0.1397  -0.0005
  258    0.1330   0.0046
  259    0.1164   0.0050
  260    0.0912   0.0067
  261    0.0466   0.0166
  262   -0.0101   0.0041
  263   -0.0679  -0.0072
  264   -0.1186   0.0019
  265   -0.1382   0.0218
  266   -0.1418   0.0240
  267   -0.1344   0.0038
  268   -0.1006  -0.0101
  269   -0.0684  -0.0072
  270   -0.0314   0.0089
  271   -0.0048   0.0127
  272    0.0250   0.0086
  273    0.0456  -0.0029
  274    0.0492  -0.0060
  275    0.0506  -0.0014
  276    0.0605  -0.0055
  277    0.0658  -0.0002
  278    0.0696   0.0007
  279    0.0595  -0.0029
  280    0.0403  -0.0156
  281    0.0230  -0.0158
  282    0.0127  -0.0106
  283    0.0070  -0.0029
  284   -0.0014  -0.0007
  285   -0.0038  -0.0041
  286   -0.0156  -0.0031
  287   -0.0326   0.0031
  288   -0.0506   0.0254
  289   -0.0677   0.0242
  290   -0.0470   0.0173
  291   -0.0202   0.0010
  292   -0.0084  -0.0113
  293    0.0074  -0.0199
  294    0.0072  -0.0113
  295   -0.0113  -0.0055
  296   -0.0302  -0.0079
  297   -0.0401  -0.0072
  298   -0.0360  -0.0166
  299   -0.0209  -0.0055
  300   -0.0053  -0.0050
  301    0.0029  -0.0101
  302    0.0156  -0.0144
  303    0.0283  -0.0053
  304    0.0338   0.0000
  305    0.0427  -0.0010
  306    0.0583   0.0142
  307    0.0578   0.0146
  308    0.0420   0.0050
  309    0.0190   0.0053
  310   -0.0082  -0.0108
  311   -0.0302  -0.0154
  312   -0.0444  -0.0084
  313   -0.0430   0.0022
  314   -0.0300   0.0161
  315   -0.0259   0.0214
  316   -0.0295   0.0142
  317   -0.0324  -0.0038
  318   -0.0199  -0.0055
  319   -0.0086   0.0010
  320    0.0067   0.0086
  321    0.0230   0.0118
  322    0.0298   0.0031
  323    0.0242   0.0046
  324    0.0122   0.0062
  325    0.0103   0.0060
  326    0.0223   0.0106
  327    0.0257   0.0082
  328    0.0334  -0.0055
  329    0.0362   0.0036
  330    0.0288   0.0060
  331    0.0322  -0.0055
  332    0.0466  -0.0067
  333    0.0288  -0.0043
  334   -0.0034  -0.0024
  335   -0.0223   0.0031
  336   -0.0377  -0.0002
  337   -0.0408  -0.0070
  338   -0.0398  -0.0055
  339   -0.0415  -0.0022
  340   -0.0499  -0.0050
  341   -0.0550  -0.0156
  342   -0.0470  -0.0254
  343   -0.0314  -0.0247
  344   -0.0166  -0.0108
  345   -0.0041  -0.0019
  346    0.0070  -0.0034
  347    0.0202  -0.0096
  348    0.0266  -0.0142
  349    0.0353  -0.0130
  350    0.0410  -0.0050
  351    0.0454  -0.0014
  352    0.0482   0.0043
  353    0.0466   0.0168
  354    0.0391   0.0127
  355    0.0197   0.0048
  356    0.0019  -0.0098
  357   -0.0127  -0.0118
  358   -0.0252  -0.0151
  359   -0.0377  -0.0158
  360   -0.0420  -0.0067
  361   -0.0324  -0.0002
  362   -0.0192   0.0149
  363   -0.0094   0.0259
  364   -0.0026   0.0312
  365    0.0041   0.0310
  366    0.0113   0.0242
  367    0.0269   0.0178
  368    0.0367   0.0084
  369    0.0384   0.0031
  370    0.0319   0.0142
  371    0.0185   0.0084
  372   -0.0046   0.0000
  373   -0.0146   0.0113
  374   -0.0192   0.0228
  375   -0.0204   0.0170
  376   -0.0283   0.0118
  377   -0.0528   0.0060
  378   -0.0670  -0.0062
  379   -0.0482  -0.0022
  380   -0.0295   0.0038
  381   -0.0211   0.0103
  382   -0.0134   0.0086
  383   -0.0046   0.0050
  384    0.0077  -0.0007
  385    0.0250  -0.0103
  386    0.0403  -0.0010
  387    0.0478   0.0062
  388    0.0386   0.0019
  389    0.0298  -0.0048
  390    0.0300  -0.0178
  391    0.0326  -0.0233
  392    0.0300  -0.0206
  393    0.0175  -0.0139
  394   -0.0113  -0.0118
  395   -0.0214  -0.0132
  396   -0.0307  -0.0026
  397   -0.0415   0.0043
  398   -0.0494   0.0101
  399   -0.0466   0.0079
  400   -0.0257   0.0010
  401   -0.0031   0.0024
  402    0.0026  -0.0185
  403    0.0012  -0.0180
  404   -0.0012  -0.0118
  405    0.0125   0.0089
  406    0.0298   0.0137
  407    0.0398  -0.0002
  408    0.0382  -0.0053
  409    0.0322  -0.0130
  410    0.0197  -0.0050
  411    0.0103   0.0074
  412    0.0091   0.0060
  413    0.0091  -0.0031
  414    0.0084  -0.0014
  415    0.0115  -0.0024
  416   -0.0029  -0.0079
  417   -0.0166  -0.0101
  418   -0.0211  -0.0096
  419   -0.0185  -0.0142
  420   -0.0290  -0.0014
  421   -0.0408  -0.0026
  422   -0.0362  -0.0010
  423   -0.0322  -0.0158
  424   -0.0240  -0.0319
  425   -0.0185  -0.0240
  426   -0.0089   0.0026
  427    0.0043   0.0269
  428    0.0180   0.0257
  429    0.0288   0.0084
  430    0.0329   0.0142
  431    0.0398   0.0130
  432    0.0377   0.0091
  433    0.0396   0.0048
  434    0.0228   0.0110
  435    0.0125   0.0228
  436    0.0067   0.0190
  437    0.0038   0.0101
  438    0.0010   0.0010
  439   -0.0067   0.0058
  440   -0.0122   0.0026
  441   -0.0106   0.0019
  442   -0.0101   0.0043
  443   -0.0240  -0.0012
  444   -0.0322  -0.0046
  445   -0.0218  -0.0067
  446   -0.0144  -0.0096
  447    0.0005  -0.0158
  448    0.0142  -0.0144
  449    0.0223  -0.0026
  450    0.0190  -0.0010
  451    0.0062   0.0050
  452   -0.0098   0.0089
  453   -0.0151  -0.0079
  454   -0.0084  -0.0206
  455   -0.0024  -0.0187
  456    0.0017  -0.0089
  457   -0.0019   0.0019
  458   -0.0082   0.0036
  459   -0.0115   0.0079
  460   -0.0084   0.0060
  461   -0.0060  -0.0002
  462   -0.0012  -0.0002
  463    0.0043   0.0005
  464   -0.0007  -0.0053
  465   -0.0005  -0.0077
  466   -0.0024  -0.0058
  467   -0.0094   0.0005
  468   -0.0060   0.0014
  469   -0.0005   0.0053
  470    0.0010   0.0101
  471    0.0000   0.0106
  472   -0.0038   0.0106
  473   -0.0065   0.0079
  474   -0.0079   0.0034
  475   -0.0048   0.0000
  476    0.0017  -0.0007
  477    0.0050   0.0002
  478    0.0098  -0.0019
  479    0.0108  -0.0046
  480    0.0103  -0.0065
  481    0.0103  -0.0041
  482    0.0072  -0.0019
  483    0.0048  -0.0010
  484    0.0041   0.0014
  485    0.0036   0.0005
  486    0.0024  -0.0010
  487    0.0012  -0.0019
  488    0.0005  -0.0019
  489   -0.0005  -0.0007
  490   -0.0002  -0.0002
  491    0.0000   0.0000
  492    0.0000   0.0000
  493    0.0000   0.0000
  494    0.0000   0.0000
  495   -0.0002   0.0000
  496    0.0000   0.0002
  497    0.0000   0.0002
  498    0.0000   0.0000
  499    0.0000   0.0000
  500    0.0000   0.0000
  501    0.0000   0.0000
  502    0.0000   0.0000
  503    0.0000   0.0000
  504    0.0000   0.0000
  505    0.0000   0.0000
  506    0.0000   0.0000
  507    0.0000   0.0000
  508    0.0000   0.0000
  509    0.0000   0.0000
  510    0.0000   0.0000
  511    0.0000   0.0000
  512    0.0000   0.0000
