Echo A : BASELI~1.DTA   
Time Period: 0.04-20.48msec
   No.  A (mPa)  An (mPa)
    1    0.0000   0.0000
    2    0.0000   0.0000
    3    0.0000   0.0000
    4    0.0000   0.0000
    5    0.0000   0.0000
    6    0.0000   0.0000
    7    0.0000   0.0000
    8    0.0000   0.0000
    9    0.0000   0.0000
   10    0.0000   0.0000
   11    0.0000   0.0000
   12    0.0000   0.0000
   13    0.0000   0.0000
   14    0.0000   0.0000
   15    0.0000   0.0000
   16    0.0000   0.0000
   17    0.0000   0.0000
   18    0.0000   0.0000
   19    0.0000   0.0000
   20    0.0000   0.0000
   21    0.0000   0.0000
   22    0.0000   0.0000
   23    0.0000   0.0000
   24    0.0000   0.0000
   25    0.0000   0.0000
   26    0.0000   0.0000
   27    0.0000   0.0000
   28    0.0000   0.0000
   29    0.0000   0.0000
   30    0.0000   0.0000
   31    0.0000   0.0000
   32    0.0000   0.0000
   33    0.0000   0.0000
   34    0.0000   0.0000
   35    0.0000   0.0000
   36    0.0000   0.0000
   37    0.0000   0.0000
   38    0.0000   0.0000
   39    0.0000   0.0000
   40    0.0000   0.0000
   41    0.0000   0.0000
   42    0.0000   0.0000
   43    0.0000   0.0000
   44    0.0000   0.0000
   45    0.0000   0.0000
   46    0.0000   0.0000
   47    0.0000   0.0000
   48    0.0000   0.0000
   49    0.0000   0.0000
   50    0.0000   0.0000
   51    0.0000   0.0000
   52    0.0000   0.0000
   53    0.0000   0.0000
   54    0.0000   0.0000
   55    0.0000   0.0000
   56    0.0000   0.0000
   57    0.0000   0.0000
   58    0.0000   0.0000
   59    0.0000   0.0000
   60    0.0000   0.0002
   61    0.0000   0.0002
   62   -0.0002   0.0002
   63   -0.0002   0.0002
   64   -0.0002   0.0002
   65    0.0012   0.0002
   66    0.0034   0.0002
   67    0.0050   0.0000
   68    0.0041   0.0002
   69    0.0012   0.0005
   70   -0.0014   0.0005
   71   -0.0050   0.0002
   72   -0.0089   0.0000
   73   -0.0120   0.0002
   74   -0.0154  -0.0002
   75   -0.0170  -0.0002
   76   -0.0166   0.0000
   77   -0.0185  -0.0002
   78   -0.0168  -0.0019
   79   -0.0058  -0.0036
   80    0.0149  -0.0043
   81    0.0396  -0.0060
   82    0.0499  -0.0050
   83    0.0374   0.0005
   84    0.0139   0.0038
   85    0.0019   0.0050
   86    0.0082   0.0062
   87    0.0211   0.0022
   88    0.0158  -0.0096
   89   -0.0125  -0.0094
   90   -0.0355  -0.0079
   91   -0.0362  -0.0041
   92   -0.0206  -0.0029
   93   -0.0096  -0.0065
   94   -0.0067  -0.0031
   95   -0.0024  -0.0007
   96    0.0019   0.0026
   97    0.0082   0.0055
   98    0.0180   0.0038
   99    0.0302   0.0017
  100    0.0485   0.0017
  101    0.0439  -0.0007
  102    0.0122  -0.0067
  103   -0.0302  -0.0038
  104   -0.0667  -0.0007
  105   -0.0866   0.0005
  106   -0.0754  -0.0010
  107   -0.0230   0.0002
  108    0.0574  -0.0014
  109    0.0950  -0.0101
  110    0.0374  -0.0206
  111   -0.0859  -0.0211
  112   -0.1382   0.0026
  113   -0.0410   0.0137
  114    0.1402   0.0341
  115    0.2208   0.0293
  116    0.0742   0.0139
  117   -0.1822   0.0101
  118   -0.2750   0.0098
  119   -0.1106   0.0233
  120    0.1466   0.0228
  121    0.2520   0.0096
  122    0.1039  -0.0082
  123   -0.1322  -0.0098
  124   -0.2069  -0.0156
  125   -0.0696  -0.0170
  126    0.1274  -0.0012
  127    0.2158   0.0038
  128    0.1193   0.0005
  129   -0.0547  -0.0024
  130   -0.1265  -0.0125
  131   -0.0622  -0.0156
  132    0.0511  -0.0204
  133    0.0955  -0.0050
  134    0.0384   0.0146
  135   -0.0470   0.0235
  136   -0.0564   0.0170
  137    0.0082  -0.0029
  138    0.0533  -0.0180
  139    0.0365  -0.0108
  140   -0.0288  -0.0050
  141   -0.0674   0.0002
  142   -0.0264   0.0050
  143    0.0509   0.0067
  144    0.0766   0.0046
  145    0.0072  -0.0034
  146   -0.1111   0.0062
  147   -0.1570   0.0038
  148   -0.0802   0.0077
  149    0.0605   0.0082
  150    0.1370   0.0156
  151    0.0840   0.0216
  152   -0.0307   0.0187
  153   -0.0974   0.0019
  154   -0.0482  -0.0180
  155    0.0362  -0.0233
  156    0.0547  -0.0142
  157   -0.0031  -0.0082
  158   -0.0710  -0.0019
  159   -0.0818   0.0026
  160   -0.0154  -0.0002
  161    0.0845   0.0089
  162    0.1310  -0.0010
  163    0.0881  -0.0223
  164   -0.0002  -0.0317
  165   -0.0698  -0.0161
  166   -0.0794   0.0007
  167   -0.0350   0.0180
  168    0.0058   0.0250
  169    0.0106   0.0101
  170    0.0005  -0.0043
  171   -0.0086   0.0000
  172   -0.0002   0.0132
  173    0.0154   0.0166
  174    0.0209   0.0074
  175   -0.0019  -0.0120
  176   -0.0350  -0.0269
  177   -0.0653  -0.0456
  178   -0.0670  -0.0444
  179   -0.0170  -0.0206
  180    0.0559  -0.0060
  181    0.1183   0.0024
  182    0.1025   0.0139
  183    0.0218   0.0240
  184   -0.0658   0.0182
  185   -0.1066   0.0132
  186   -0.0770   0.0146
  187   -0.0010   0.0245
  188    0.0437   0.0264
  189    0.0470   0.0144
  190    0.0250   0.0077
  191    0.0130   0.0110
  192    0.0233   0.0065
  193    0.0406   0.0098
  194    0.0396   0.0036
  195   -0.0077  -0.0058
  196   -0.0710   0.0014
  197   -0.0919   0.0050
  198   -0.0742  -0.0113
  199    0.0000  -0.0305
  200    0.0746  -0.0271
  201    0.1006  -0.0118
  202    0.0883  -0.0055
  203    0.0415  -0.0113
  204   -0.0029  -0.0235
  205   -0.0317  -0.0326
  206   -0.0358  -0.0264
  207   -0.0235  -0.0137
  208   -0.0053  -0.0079
  209    0.0235  -0.0125
  210    0.0298  -0.0166
  211    0.0151  -0.0019
  212   -0.0132  -0.0125
  213   -0.0466  -0.0319
  214   -0.0761  -0.0067
  215   -0.0802   0.0036
  216   -0.0605  -0.0031
  217   -0.0084   0.0058
  218    0.0353   0.0187
  219    0.0406   0.0187
  220    0.0307   0.0218
  221    0.0202   0.0324
  222    0.0154   0.0554
  223    0.0062   0.0612
  224   -0.0079   0.0598
  225   -0.0245   0.0547
  226   -0.0154   0.0362
  227   -0.0014   0.0240
  228    0.0115   0.0178
  229    0.0317  -0.0084
  230    0.0528  -0.0331
  231    0.0468  -0.0442
  232    0.0240  -0.0314
  233   -0.0017  -0.0031
  234   -0.0182   0.0012
  235   -0.0233  -0.0086
  236   -0.0178  -0.0264
  237   -0.0163  -0.0245
  238   -0.0161  -0.0190
  239   -0.0091  -0.0110
  240    0.0029  -0.0101
  241    0.0178  -0.0060
  242    0.0154   0.0022
  243   -0.0067   0.0094
  244   -0.0264   0.0120
  245   -0.0271  -0.0026
  246   -0.0149   0.0002
  247   -0.0007  -0.0058
  248    0.0120  -0.0077
  249    0.0175  -0.0026
  250    0.0089  -0.0055
  251    0.0072  -0.0125
  252   -0.0065  -0.0108
  253   -0.0228   0.0031
  254   -0.0324   0.0007
  255   -0.0247   0.0067
  256   -0.0096   0.0062
  257    0.0062  -0.0086
  258    0.0170  -0.0084
  259    0.0221   0.0014
  260    0.0305   0.0031
  261    0.0437   0.0163
  262    0.0374   0.0156
  263    0.0194  -0.0002
  264   -0.0089  -0.0017
  265   -0.0326   0.0007
  266   -0.0314  -0.0026
  267   -0.0269  -0.0060
  268   -0.0317  -0.0139
  269   -0.0386  -0.0022
  270   -0.0300   0.0206
  271   -0.0050   0.0331
  272    0.0180   0.0314
  273    0.0218   0.0182
  274    0.0264   0.0077
  275    0.0146   0.0151
  276    0.0108   0.0070
  277    0.0286   0.0007
  278    0.0408  -0.0154
  279    0.0370  -0.0382
  280    0.0245  -0.0396
  281    0.0058  -0.0216
  282   -0.0110  -0.0113
  283   -0.0149  -0.0288
  284   -0.0134  -0.0293
  285   -0.0252  -0.0178
  286   -0.0492  -0.0204
  287   -0.0482  -0.0060
  288   -0.0293   0.0002
  289    0.0094   0.0058
  290    0.0413   0.0043
  291    0.0334   0.0043
  292    0.0096  -0.0007
  293   -0.0038  -0.0060
  294   -0.0036  -0.0031
  295   -0.0034   0.0053
  296   -0.0010   0.0058
  297    0.0050   0.0151
  298   -0.0024   0.0322
  299   -0.0005   0.0382
  300    0.0086   0.0432
  301    0.0118   0.0432
  302    0.0017   0.0408
  303   -0.0139   0.0382
  304   -0.0274   0.0216
  305   -0.0216   0.0101
  306   -0.0046   0.0132
  307   -0.0050   0.0089
  308    0.0010  -0.0094
  309   -0.0026  -0.0216
  310   -0.0079  -0.0314
  311   -0.0012  -0.0456
  312    0.0041  -0.0386
  313    0.0012  -0.0199
  314   -0.0010  -0.0046
  315    0.0000  -0.0072
  316    0.0043  -0.0142
  317    0.0137  -0.0437
  318    0.0118  -0.0422
  319   -0.0012  -0.0151
  320    0.0024   0.0046
  321    0.0139   0.0130
  322    0.0132   0.0161
  323   -0.0062  -0.0010
  324   -0.0125  -0.0108
  325   -0.0122  -0.0113
  326   -0.0101   0.0091
  327   -0.0060   0.0017
  328    0.0029  -0.0031
  329   -0.0070   0.0084
  330   -0.0223   0.0228
  331   -0.0278   0.0298
  332   -0.0175   0.0163
  333   -0.0010   0.0149
  334    0.0214   0.0192
  335    0.0326   0.0245
  336    0.0310   0.0211
  337    0.0271   0.0132
  338    0.0238   0.0050
  339    0.0149  -0.0108
  340    0.0096  -0.0182
  341    0.0094  -0.0228
  342    0.0022  -0.0084
  343   -0.0026  -0.0012
  344    0.0022  -0.0046
  345    0.0029  -0.0043
  346   -0.0026   0.0026
  347   -0.0245  -0.0007
  348   -0.0415   0.0014
  349   -0.0415   0.0216
  350   -0.0305   0.0382
  351   -0.0101   0.0422
  352   -0.0014   0.0353
  353    0.0038   0.0178
  354    0.0096  -0.0031
  355    0.0250  -0.0170
  356    0.0312  -0.0360
  357    0.0281  -0.0564
  358    0.0247  -0.0583
  359    0.0218  -0.0564
  360    0.0103  -0.0391
  361    0.0019  -0.0269
  362    0.0012  -0.0394
  363    0.0062  -0.0492
  364    0.0115  -0.0293
  365    0.0106  -0.0113
  366    0.0000   0.0002
  367   -0.0108   0.0178
  368   -0.0185   0.0194
  369   -0.0314   0.0101
  370   -0.0386  -0.0053
  371   -0.0257  -0.0005
  372   -0.0089   0.0130
  373    0.0103   0.0228
  374    0.0108   0.0271
  375    0.0079   0.0214
  376   -0.0029   0.0331
  377   -0.0209   0.0362
  378   -0.0190   0.0264
  379   -0.0031   0.0182
  380    0.0041   0.0300
  381    0.0072   0.0314
  382    0.0163   0.0170
  383    0.0194   0.0082
  384    0.0288  -0.0120
  385    0.0286  -0.0199
  386    0.0175  -0.0010
  387    0.0036   0.0149
  388   -0.0146   0.0122
  389   -0.0276   0.0118
  390   -0.0221  -0.0139
  391   -0.0120  -0.0178
  392   -0.0062  -0.0127
  393   -0.0110  -0.0060
  394   -0.0034   0.0096
  395    0.0077   0.0346
  396    0.0050   0.0346
  397    0.0036   0.0149
  398   -0.0101  -0.0101
  399   -0.0142  -0.0264
  400   -0.0091  -0.0288
  401   -0.0007  -0.0194
  402    0.0060   0.0034
  403    0.0137   0.0182
  404    0.0144   0.0154
  405    0.0108   0.0055
  406   -0.0022   0.0031
  407   -0.0139  -0.0242
  408   -0.0101  -0.0379
  409   -0.0060  -0.0288
  410   -0.0070  -0.0113
  411    0.0043  -0.0012
  412    0.0175   0.0026
  413    0.0118  -0.0026
  414    0.0082   0.0041
  415    0.0012   0.0084
  416   -0.0084   0.0108
  417   -0.0106   0.0101
  418   -0.0106  -0.0017
  419   -0.0062  -0.0178
  420   -0.0017  -0.0161
  421    0.0024   0.0062
  422   -0.0014   0.0223
  423    0.0019   0.0269
  424    0.0125   0.0247
  425    0.0070   0.0079
  426   -0.0005  -0.0079
  427    0.0096  -0.0007
  428    0.0187   0.0034
  429    0.0142  -0.0096
  430    0.0014  -0.0211
  431   -0.0024  -0.0247
  432   -0.0005  -0.0302
  433    0.0005  -0.0286
  434   -0.0067  -0.0271
  435    0.0022  -0.0420
  436    0.0029  -0.0384
  437   -0.0019  -0.0216
  438   -0.0019  -0.0101
  439   -0.0180  -0.0036
  440   -0.0290  -0.0182
  441   -0.0178  -0.0132
  442   -0.0026   0.0070
  443    0.0012   0.0158
  444   -0.0010   0.0137
  445   -0.0125  -0.0060
  446   -0.0019   0.0007
  447    0.0048   0.0108
  448    0.0055   0.0050
  449    0.0070   0.0101
  450    0.0108   0.0146
  451   -0.0012   0.0312
  452   -0.0038   0.0391
  453   -0.0017   0.0360
  454   -0.0043   0.0288
  455   -0.0002   0.0298
  456    0.0067   0.0228
  457    0.0000   0.0091
  458   -0.0089   0.0043
  459   -0.0142   0.0098
  460   -0.0118   0.0192
  461    0.0005   0.0163
  462    0.0178   0.0166
  463    0.0187   0.0058
  464    0.0142  -0.0094
  465    0.0118  -0.0125
  466    0.0055  -0.0125
  467   -0.0026  -0.0079
  468   -0.0019  -0.0072
  469    0.0034  -0.0151
  470    0.0050  -0.0173
  471    0.0036  -0.0096
  472    0.0010  -0.0038
  473    0.0005  -0.0060
  474    0.0005  -0.0086
  475    0.0005  -0.0103
  476    0.0024  -0.0086
  477    0.0007  -0.0041
  478   -0.0024   0.0000
  479   -0.0036   0.0089
  480   -0.0017   0.0084
  481   -0.0019   0.0036
  482    0.0000  -0.0002
  483    0.0005  -0.0048
  484   -0.0005  -0.0050
  485   -0.0007  -0.0019
  486   -0.0002  -0.0017
  487    0.0000  -0.0036
  488   -0.0002  -0.0046
  489   -0.0007  -0.0048
  490   -0.0005  -0.0022
  491   -0.0005   0.0002
  492   -0.0002   0.0002
  493   -0.0002   0.0005
  494   -0.0005   0.0007
  495   -0.0002   0.0005
  496    0.0000   0.0002
  497    0.0000   0.0002
  498    0.0000   0.0000
  499    0.0000   0.0000
  500    0.0000   0.0000
  501    0.0000   0.0000
  502    0.0000   0.0000
  503    0.0000   0.0000
  504    0.0000   0.0000
  505    0.0000   0.0000
  506    0.0000   0.0000
  507    0.0000   0.0000
  508    0.0000   0.0000
  509    0.0000   0.0000
  510    0.0000   0.0000
  511    0.0000   0.0000
  512    0.0000   0.0000
