Echo A : BASELI~1.DTA   
Time Period: 0.04-20.48msec
   No.  A (mPa)  An (mPa)
    1    0.0000   0.0000
    2    0.0000   0.0000
    3    0.0000   0.0000
    4    0.0000   0.0000
    5    0.0000   0.0000
    6    0.0000   0.0000
    7    0.0000   0.0000
    8    0.0000   0.0000
    9    0.0000   0.0000
   10    0.0000   0.0000
   11    0.0000   0.0000
   12    0.0000   0.0000
   13    0.0000   0.0000
   14    0.0000   0.0000
   15    0.0000   0.0000
   16    0.0000   0.0000
   17    0.0000   0.0000
   18    0.0000   0.0000
   19    0.0000   0.0000
   20    0.0000   0.0000
   21    0.0000   0.0000
   22    0.0000   0.0000
   23    0.0000   0.0000
   24    0.0000   0.0000
   25    0.0000   0.0000
   26    0.0000   0.0000
   27    0.0000   0.0000
   28    0.0000   0.0000
   29    0.0000   0.0000
   30    0.0000   0.0000
   31    0.0000   0.0000
   32    0.0000   0.0000
   33    0.0000   0.0000
   34    0.0000   0.0000
   35    0.0000   0.0000
   36    0.0000   0.0000
   37    0.0000   0.0000
   38    0.0000   0.0000
   39    0.0000   0.0000
   40    0.0000   0.0000
   41    0.0000   0.0000
   42    0.0000   0.0000
   43    0.0000   0.0000
   44    0.0000   0.0000
   45    0.0000   0.0000
   46    0.0000   0.0000
   47    0.0000   0.0000
   48    0.0000   0.0000
   49    0.0000   0.0000
   50    0.0000   0.0000
   51    0.0000   0.0000
   52    0.0000   0.0000
   53    0.0000   0.0000
   54    0.0000   0.0000
   55    0.0000  -0.0002
   56    0.0000  -0.0002
   57    0.0002  -0.0002
   58    0.0002  -0.0002
   59    0.0005  -0.0002
   60    0.0005  -0.0002
   61    0.0007  -0.0002
   62    0.0007  -0.0002
   63    0.0010  -0.0002
   64    0.0012  -0.0002
   65    0.0014  -0.0002
   66    0.0017  -0.0002
   67    0.0014  -0.0005
   68    0.0012  -0.0010
   69    0.0022  -0.0010
   70    0.0050  -0.0007
   71    0.0072  -0.0010
   72    0.0055  -0.0005
   73    0.0005   0.0012
   74   -0.0012   0.0014
   75    0.0019   0.0019
   76    0.0058   0.0014
   77    0.0046   0.0017
   78   -0.0031   0.0014
   79   -0.0125   0.0002
   80   -0.0154  -0.0012
   81   -0.0110   0.0010
   82   -0.0077   0.0058
   83   -0.0120   0.0072
   84   -0.0199   0.0019
   85   -0.0190  -0.0043
   86   -0.0082  -0.0065
   87    0.0082  -0.0058
   88    0.0221  -0.0072
   89    0.0178  -0.0079
   90    0.0005  -0.0048
   91   -0.0161   0.0034
   92   -0.0211   0.0038
   93   -0.0149   0.0010
   94   -0.0029   0.0043
   95    0.0041  -0.0026
   96    0.0036  -0.0065
   97   -0.0060  -0.0113
   98   -0.0091  -0.0134
   99    0.0034  -0.0142
  100    0.0389  -0.0118
  101    0.0703  -0.0050
  102    0.0758   0.0079
  103    0.0502   0.0166
  104    0.0127   0.0211
  105   -0.0149   0.0108
  106   -0.0194   0.0110
  107   -0.0223   0.0235
  108   -0.0317   0.0120
  109   -0.0499  -0.0024
  110   -0.0526  -0.0096
  111   -0.0456  -0.0103
  112   -0.0266  -0.0019
  113   -0.0022  -0.0031
  114    0.0106  -0.0187
  115    0.0096  -0.0127
  116    0.0079  -0.0067
  117   -0.0010  -0.0041
  118   -0.0118  -0.0108
  119   -0.0101  -0.0144
  120    0.0014  -0.0086
  121    0.0250  -0.0055
  122    0.0377  -0.0062
  123    0.0094   0.0067
  124   -0.0497   0.0182
  125   -0.0924   0.0082
  126   -0.0828  -0.0079
  127    0.0007  -0.0050
  128    0.0898   0.0187
  129    0.1270   0.0338
  130    0.0888   0.0254
  131   -0.0014   0.0067
  132   -0.0744   0.0010
  133   -0.0828   0.0091
  134   -0.0235  -0.0010
  135    0.0557  -0.0074
  136    0.0823  -0.0077
  137    0.0391   0.0074
  138   -0.0499   0.0137
  139   -0.1025  -0.0072
  140   -0.0775  -0.0058
  141   -0.0041  -0.0002
  142    0.0564   0.0062
  143    0.0631   0.0101
  144    0.0242   0.0187
  145   -0.0266   0.0293
  146   -0.0470   0.0197
  147   -0.0221   0.0031
  148    0.0014  -0.0031
  149    0.0120  -0.0091
  150    0.0072  -0.0060
  151    0.0154   0.0079
  152    0.0382   0.0089
  153    0.0624  -0.0002
  154    0.0710  -0.0199
  155    0.0218  -0.0187
  156   -0.0557  -0.0158
  157   -0.1032  -0.0074
  158   -0.0984  -0.0007
  159   -0.0485  -0.0072
  160    0.0235  -0.0110
  161    0.0727  -0.0031
  162    0.0780  -0.0161
  163    0.0547  -0.0242
  164    0.0329  -0.0154
  165    0.0259   0.0082
  166    0.0264   0.0240
  167    0.0151   0.0233
  168   -0.0122   0.0127
  169   -0.0473   0.0010
  170   -0.0418   0.0010
  171    0.0058  -0.0098
  172    0.0504  -0.0163
  173    0.0473  -0.0149
  174    0.0074  -0.0113
  175   -0.0540  -0.0002
  176   -0.0946  -0.0002
  177   -0.0830   0.0089
  178   -0.0223   0.0137
  179    0.0391  -0.0017
  180    0.0554  -0.0113
  181    0.0283  -0.0048
  182   -0.0139   0.0118
  183   -0.0420   0.0221
  184   -0.0365   0.0199
  185   -0.0206   0.0108
  186   -0.0091  -0.0048
  187    0.0000  -0.0094
  188    0.0134  -0.0142
  189    0.0386  -0.0113
  190    0.0612   0.0000
  191    0.0718   0.0108
  192    0.0593   0.0115
  193    0.0197   0.0137
  194   -0.0250   0.0108
  195   -0.0535   0.0026
  196   -0.0646  -0.0096
  197   -0.0480  -0.0113
  198   -0.0048  -0.0043
  199    0.0384   0.0055
  200    0.0751   0.0149
  201    0.0850   0.0230
  202    0.0523   0.0185
  203   -0.0022  -0.0019
  204   -0.0466  -0.0108
  205   -0.0780  -0.0211
  206   -0.0905  -0.0082
  207   -0.0768  -0.0036
  208   -0.0444   0.0019
  209   -0.0089   0.0000
  210    0.0298  -0.0173
  211    0.0550  -0.0060
  212    0.0766   0.0055
  213    0.0816   0.0079
  214    0.0478   0.0026
  215   -0.0086  -0.0060
  216   -0.0593  -0.0043
  217   -0.0859  -0.0010
  218   -0.0862   0.0125
  219   -0.0528   0.0259
  220   -0.0166   0.0271
  221    0.0305   0.0178
  222    0.0581  -0.0026
  223    0.0670  -0.0278
  224    0.0540  -0.0228
  225    0.0386  -0.0170
  226    0.0041  -0.0156
  227   -0.0403  -0.0079
  228   -0.0694  -0.0166
  229   -0.0720  -0.0118
  230   -0.0588  -0.0094
  231   -0.0343  -0.0086
  232    0.0137  -0.0149
  233    0.0554  -0.0178
  234    0.0698  -0.0298
  235    0.0730  -0.0540
  236    0.0564  -0.0530
  237    0.0218  -0.0382
  238   -0.0182  -0.0214
  239   -0.0497  -0.0072
  240   -0.0650  -0.0050
  241   -0.0590   0.0048
  242   -0.0377   0.0084
  243   -0.0125   0.0137
  244    0.0122   0.0206
  245    0.0341   0.0134
  246    0.0391   0.0156
  247    0.0125   0.0374
  248   -0.0221   0.0494
  249   -0.0406   0.0490
  250   -0.0511   0.0346
  251   -0.0415   0.0156
  252   -0.0094   0.0149
  253    0.0365   0.0264
  254    0.0763   0.0346
  255    0.1025   0.0314
  256    0.1121   0.0211
  257    0.0982   0.0166
  258    0.0607   0.0228
  259    0.0173   0.0211
  260   -0.0350   0.0250
  261   -0.0734   0.0158
  262   -0.1063  -0.0034
  263   -0.1382  -0.0137
  264   -0.1370  -0.0084
  265   -0.0994   0.0024
  266   -0.0314  -0.0031
  267    0.0554  -0.0101
  268    0.1140  -0.0278
  269    0.1181  -0.0322
  270    0.0931  -0.0300
  271    0.0530  -0.0218
  272    0.0180  -0.0182
  273    0.0012  -0.0089
  274   -0.0070  -0.0067
  275   -0.0149  -0.0194
  276   -0.0298  -0.0288
  277   -0.0302  -0.0190
  278   -0.0374  -0.0077
  279   -0.0420  -0.0144
  280   -0.0276  -0.0108
  281   -0.0151  -0.0055
  282   -0.0235  -0.0108
  283   -0.0293  -0.0034
  284   -0.0233   0.0010
  285   -0.0077  -0.0067
  286    0.0276   0.0000
  287    0.0631  -0.0024
  288    0.0850  -0.0161
  289    0.0847  -0.0269
  290    0.0598  -0.0055
  291    0.0206   0.0014
  292   -0.0139   0.0041
  293   -0.0238   0.0005
  294   -0.0298   0.0130
  295   -0.0391   0.0046
  296   -0.0492   0.0108
  297   -0.0542   0.0170
  298   -0.0502   0.0223
  299   -0.0286   0.0223
  300   -0.0055   0.0163
  301    0.0245   0.0163
  302    0.0391   0.0096
  303    0.0360   0.0000
  304    0.0209  -0.0036
  305    0.0082  -0.0122
  306    0.0036  -0.0103
  307   -0.0043   0.0038
  308   -0.0077   0.0041
  309   -0.0158   0.0096
  310   -0.0175  -0.0002
  311   -0.0122   0.0060
  312   -0.0048   0.0103
  313    0.0166  -0.0017
  314    0.0322   0.0050
  315    0.0307   0.0250
  316    0.0072   0.0437
  317   -0.0194   0.0422
  318   -0.0329   0.0307
  319   -0.0355   0.0298
  320   -0.0199   0.0166
  321    0.0046   0.0038
  322    0.0245  -0.0026
  323    0.0326  -0.0156
  324    0.0216  -0.0264
  325    0.0002  -0.0240
  326   -0.0211  -0.0031
  327   -0.0317  -0.0024
  328   -0.0259  -0.0065
  329   -0.0204  -0.0139
  330   -0.0166  -0.0142
  331   -0.0024  -0.0360
  332    0.0079  -0.0346
  333    0.0127  -0.0209
  334    0.0113  -0.0108
  335    0.0026  -0.0007
  336   -0.0101   0.0007
  337   -0.0067  -0.0019
  338   -0.0002   0.0060
  339    0.0091   0.0103
  340    0.0192   0.0108
  341    0.0139   0.0019
  342    0.0120   0.0010
  343    0.0110   0.0038
  344    0.0091  -0.0010
  345    0.0000  -0.0067
  346   -0.0149  -0.0096
  347   -0.0348  -0.0014
  348   -0.0408  -0.0053
  349   -0.0398  -0.0089
  350   -0.0214  -0.0120
  351    0.0012  -0.0154
  352    0.0250  -0.0139
  353    0.0298  -0.0137
  354    0.0197   0.0002
  355    0.0098  -0.0002
  356    0.0026  -0.0031
  357    0.0002   0.0036
  358    0.0077   0.0151
  359    0.0098   0.0223
  360    0.0209   0.0317
  361    0.0298   0.0242
  362    0.0360   0.0002
  363    0.0314  -0.0106
  364    0.0110  -0.0269
  365   -0.0077  -0.0329
  366   -0.0074  -0.0211
  367   -0.0151  -0.0060
  368   -0.0139   0.0067
  369   -0.0154   0.0144
  370   -0.0235   0.0182
  371   -0.0211   0.0096
  372    0.0012   0.0120
  373    0.0226   0.0127
  374    0.0317  -0.0058
  375    0.0406  -0.0154
  376    0.0302  -0.0108
  377    0.0130  -0.0079
  378   -0.0031  -0.0115
  379   -0.0206  -0.0113
  380   -0.0206   0.0038
  381   -0.0192  -0.0031
  382   -0.0204  -0.0070
  383   -0.0187   0.0053
  384   -0.0070  -0.0014
  385   -0.0077  -0.0067
  386   -0.0094   0.0173
  387   -0.0094   0.0154
  388   -0.0178  -0.0122
  389   -0.0149  -0.0202
  390   -0.0098  -0.0094
  391   -0.0070   0.0031
  392   -0.0127   0.0161
  393   -0.0034   0.0230
  394    0.0144   0.0235
  395    0.0214   0.0122
  396    0.0211   0.0101
  397    0.0050   0.0091
  398   -0.0209   0.0115
  399   -0.0326   0.0149
  400   -0.0346   0.0151
  401   -0.0408   0.0055
  402   -0.0350  -0.0096
  403   -0.0194  -0.0185
  404    0.0082  -0.0295
  405    0.0274  -0.0430
  406    0.0391  -0.0312
  407    0.0454  -0.0146
  408    0.0367  -0.0002
  409    0.0245   0.0115
  410    0.0091   0.0151
  411   -0.0026   0.0175
  412   -0.0058   0.0178
  413    0.0000   0.0166
  414    0.0084   0.0355
  415    0.0149   0.0346
  416    0.0158   0.0084
  417    0.0031  -0.0002
  418   -0.0065   0.0060
  419   -0.0070   0.0108
  420   -0.0077   0.0031
  421   -0.0137   0.0007
  422   -0.0151   0.0019
  423   -0.0067  -0.0048
  424    0.0007  -0.0170
  425    0.0130  -0.0281
  426    0.0288  -0.0300
  427    0.0377  -0.0257
  428    0.0415  -0.0149
  429    0.0425  -0.0079
  430    0.0223  -0.0012
  431    0.0048   0.0029
  432   -0.0137  -0.0166
  433   -0.0310  -0.0154
  434   -0.0199  -0.0019
  435   -0.0089   0.0182
  436    0.0029   0.0252
  437    0.0074   0.0166
  438    0.0125   0.0046
  439    0.0074  -0.0077
  440    0.0058  -0.0084
  441    0.0005  -0.0014
  442   -0.0062   0.0276
  443   -0.0278   0.0226
  444   -0.0269   0.0010
  445   -0.0142  -0.0170
  446   -0.0036  -0.0286
  447    0.0091  -0.0199
  448    0.0223  -0.0094
  449    0.0233  -0.0053
  450    0.0089   0.0084
  451   -0.0077   0.0055
  452   -0.0326   0.0012
  453   -0.0432   0.0046
  454   -0.0389   0.0096
  455   -0.0408   0.0101
  456   -0.0317   0.0137
  457   -0.0142   0.0072
  458   -0.0002   0.0060
  459    0.0122   0.0067
  460    0.0173  -0.0046
  461    0.0149  -0.0082
  462    0.0024  -0.0060
  463   -0.0070  -0.0019
  464   -0.0151  -0.0036
  465   -0.0228  -0.0005
  466   -0.0185   0.0031
  467   -0.0115   0.0010
  468   -0.0010  -0.0065
  469    0.0130  -0.0096
  470    0.0228  -0.0079
  471    0.0242  -0.0043
  472    0.0211  -0.0043
  473    0.0146  -0.0038
  474    0.0062   0.0014
  475   -0.0019   0.0048
  476   -0.0041  -0.0010
  477   -0.0041  -0.0067
  478   -0.0014  -0.0019
  479    0.0034   0.0050
  480    0.0050   0.0031
  481    0.0053  -0.0010
  482    0.0055   0.0036
  483    0.0031   0.0055
  484    0.0019   0.0038
  485    0.0007   0.0024
  486   -0.0007   0.0017
  487   -0.0019   0.0002
  488   -0.0019   0.0002
  489   -0.0012   0.0010
  490   -0.0002   0.0012
  491    0.0005   0.0007
  492    0.0007  -0.0002
  493    0.0002  -0.0002
  494    0.0000   0.0000
  495    0.0000   0.0000
  496    0.0000  -0.0002
  497    0.0000   0.0000
  498    0.0000   0.0000
  499    0.0000   0.0000
  500    0.0000   0.0000
  501    0.0000   0.0000
  502    0.0000   0.0000
  503    0.0000   0.0000
  504    0.0000   0.0000
  505    0.0000   0.0000
  506    0.0000   0.0000
  507    0.0000   0.0000
  508    0.0000   0.0000
  509    0.0000   0.0000
  510    0.0000   0.0000
  511    0.0000   0.0000
  512    0.0000   0.0000
