Echo A : BASELIN1.DTA   
Time Period: 0.04-20.48msec
   No.  A (mPa)  An (mPa)
    1    0.0000   0.0000
    2    0.0000   0.0000
    3    0.0000   0.0000
    4    0.0000   0.0000
    5    0.0000   0.0000
    6    0.0000   0.0000
    7    0.0000   0.0000
    8    0.0000   0.0000
    9    0.0000   0.0000
   10    0.0000   0.0000
   11    0.0000   0.0000
   12    0.0000   0.0000
   13    0.0000   0.0000
   14    0.0000   0.0000
   15    0.0000   0.0000
   16    0.0000   0.0000
   17    0.0000   0.0000
   18    0.0000   0.0000
   19    0.0000   0.0000
   20    0.0000   0.0000
   21    0.0000   0.0000
   22    0.0000   0.0000
   23    0.0000   0.0000
   24    0.0000   0.0000
   25    0.0000   0.0000
   26    0.0000   0.0000
   27    0.0000   0.0000
   28    0.0000   0.0000
   29    0.0000   0.0000
   30    0.0000   0.0000
   31    0.0000   0.0000
   32    0.0000   0.0000
   33    0.0000   0.0000
   34    0.0000   0.0000
   35    0.0000   0.0000
   36    0.0000   0.0000
   37    0.0000   0.0000
   38    0.0000   0.0000
   39    0.0000   0.0000
   40    0.0000   0.0000
   41    0.0000   0.0000
   42    0.0000   0.0000
   43    0.0000   0.0000
   44    0.0000   0.0000
   45    0.0000   0.0002
   46    0.0002   0.0000
   47    0.0002   0.0002
   48    0.0005   0.0000
   49    0.0005   0.0002
   50    0.0007   0.0000
   51    0.0007   0.0002
   52    0.0010   0.0000
   53    0.0010   0.0002
   54    0.0012   0.0002
   55    0.0014   0.0002
   56    0.0017   0.0002
   57    0.0019   0.0002
   58    0.0024   0.0002
   59    0.0026   0.0002
   60    0.0031   0.0002
   61    0.0034   0.0002
   62    0.0038   0.0002
   63    0.0043   0.0002
   64    0.0050   0.0002
   65    0.0055   0.0002
   66    0.0058   0.0002
   67    0.0050   0.0002
   68    0.0029   0.0005
   69   -0.0005   0.0005
   70   -0.0041   0.0005
   71   -0.0067   0.0002
   72   -0.0072   0.0005
   73   -0.0055   0.0002
   74   -0.0022   0.0002
   75    0.0012  -0.0002
   76    0.0046   0.0002
   77    0.0067   0.0005
   78    0.0074   0.0010
   79    0.0034   0.0019
   80   -0.0026   0.0002
   81   -0.0086  -0.0014
   82   -0.0118   0.0010
   83   -0.0132   0.0026
   84   -0.0103   0.0026
   85   -0.0122   0.0055
   86   -0.0130   0.0094
   87   -0.0055   0.0101
   88    0.0146   0.0067
   89    0.0365   0.0002
   90    0.0456   0.0038
   91    0.0290   0.0079
   92    0.0082   0.0046
   93    0.0000   0.0036
   94   -0.0031   0.0014
   95   -0.0031  -0.0019
   96   -0.0242  -0.0062
   97   -0.0576  -0.0055
   98   -0.0828   0.0014
   99   -0.1020   0.0096
  100   -0.1034   0.0038
  101   -0.0977  -0.0041
  102   -0.0751  -0.0108
  103   -0.0559  -0.0077
  104   -0.0166  -0.0043
  105    0.0269  -0.0038
  106    0.0540  -0.0007
  107    0.0653  -0.0024
  108    0.0658  -0.0194
  109    0.0468  -0.0170
  110    0.0408  -0.0101
  111    0.0566  -0.0089
  112    0.0672  -0.0194
  113    0.0708  -0.0149
  114    0.0806  -0.0050
  115    0.0809  -0.0106
  116    0.0768  -0.0187
  117    0.0785  -0.0103
  118    0.0588   0.0072
  119   -0.0101   0.0007
  120   -0.0794  -0.0113
  121   -0.1234  -0.0002
  122   -0.1277   0.0182
  123   -0.0890   0.0067
  124   -0.0322  -0.0158
  125    0.0074  -0.0245
  126    0.0050  -0.0098
  127   -0.0062   0.0199
  128    0.0146   0.0298
  129    0.0406   0.0372
  130    0.0540   0.0367
  131    0.0372   0.0168
  132    0.0209  -0.0019
  133    0.0031  -0.0005
  134   -0.0113   0.0142
  135   -0.0238   0.0182
  136   -0.0331   0.0178
  137   -0.0403   0.0218
  138   -0.0454   0.0072
  139   -0.0583   0.0010
  140   -0.0727   0.0017
  141   -0.0770  -0.0019
  142   -0.0367  -0.0120
  143    0.0314  -0.0180
  144    0.1006  -0.0223
  145    0.1190  -0.0194
  146    0.0797  -0.0209
  147    0.0302  -0.0142
  148   -0.0022  -0.0026
  149   -0.0158   0.0065
  150   -0.0127   0.0158
  151    0.0002   0.0031
  152    0.0072  -0.0096
  153    0.0053  -0.0180
  154    0.0168  -0.0192
  155    0.0266  -0.0178
  156    0.0173  -0.0086
  157   -0.0079   0.0036
  158   -0.0463   0.0089
  159   -0.0694   0.0067
  160   -0.0379  -0.0082
  161    0.0166  -0.0029
  162    0.0653   0.0108
  163    0.0804   0.0118
  164    0.0586   0.0089
  165    0.0098  -0.0091
  166   -0.0427  -0.0127
  167   -0.0595   0.0055
  168   -0.0502   0.0170
  169   -0.0290   0.0226
  170   -0.0026   0.0070
  171    0.0180  -0.0120
  172    0.0286  -0.0242
  173    0.0355  -0.0038
  174    0.0458   0.0194
  175    0.0506   0.0125
  176    0.0427   0.0029
  177    0.0262   0.0137
  178   -0.0079   0.0180
  179   -0.0550   0.0096
  180   -0.0821   0.0007
  181   -0.0922  -0.0082
  182   -0.0862  -0.0154
  183   -0.0504  -0.0211
  184   -0.0031  -0.0019
  185    0.0226   0.0180
  186    0.0154   0.0086
  187    0.0000  -0.0154
  188   -0.0206  -0.0310
  189   -0.0154  -0.0070
  190    0.0293   0.0144
  191    0.0751   0.0211
  192    0.0835   0.0264
  193    0.0533   0.0086
  194   -0.0154  -0.0084
  195   -0.0770  -0.0168
  196   -0.0938  -0.0194
  197   -0.0547   0.0026
  198    0.0038   0.0233
  199    0.0629   0.0060
  200    0.0950   0.0043
  201    0.0722   0.0000
  202    0.0002   0.0139
  203   -0.0612   0.0084
  204   -0.1018   0.0077
  205   -0.0991   0.0074
  206   -0.0470  -0.0046
  207    0.0290  -0.0038
  208    0.0917   0.0007
  209    0.1282   0.0091
  210    0.1188   0.0031
  211    0.0674  -0.0139
  212    0.0000  -0.0178
  213   -0.0643  -0.0194
  214   -0.1010  -0.0072
  215   -0.1066   0.0055
  216   -0.0902   0.0098
  217   -0.0521   0.0091
  218    0.0084   0.0017
  219    0.0792  -0.0058
  220    0.1207  -0.0156
  221    0.1298  -0.0113
  222    0.1034  -0.0166
  223    0.0542  -0.0247
  224    0.0046  -0.0218
  225   -0.0264  -0.0173
  226   -0.0538  -0.0113
  227   -0.0914  -0.0098
  228   -0.1291   0.0014
  229   -0.1526  -0.0031
  230   -0.1495  -0.0084
  231   -0.1001  -0.0014
  232   -0.0240  -0.0014
  233    0.0610   0.0007
  234    0.1358   0.0060
  235    0.1858   0.0010
  236    0.1879   0.0038
  237    0.1579   0.0022
  238    0.0982  -0.0098
  239    0.0206  -0.0163
  240   -0.0521  -0.0108
  241   -0.1056   0.0026
  242   -0.1363   0.0163
  243   -0.1322   0.0178
  244   -0.1111   0.0134
  245   -0.0662   0.0014
  246   -0.0173  -0.0055
  247    0.0238   0.0161
  248    0.0528   0.0286
  249    0.0710   0.0274
  250    0.0679   0.0336
  251    0.0466   0.0247
  252    0.0185  -0.0058
  253   -0.0214  -0.0149
  254   -0.0446   0.0079
  255   -0.0502   0.0216
  256   -0.0355   0.0254
  257   -0.0221   0.0247
  258   -0.0113   0.0137
  259   -0.0079   0.0007
  260   -0.0079  -0.0055
  261    0.0000  -0.0012
  262    0.0065   0.0137
  263    0.0089   0.0125
  264    0.0058  -0.0019
  265    0.0062  -0.0079
  266   -0.0014  -0.0115
  267    0.0007  -0.0050
  268    0.0094  -0.0062
  269    0.0156  -0.0046
  270    0.0235  -0.0024
  271    0.0214   0.0046
  272    0.0202   0.0101
  273    0.0367  -0.0007
  274    0.0518  -0.0019
  275    0.0557  -0.0053
  276    0.0463  -0.0002
  277    0.0343   0.0137
  278    0.0185   0.0026
  279   -0.0082  -0.0178
  280   -0.0288  -0.0242
  281   -0.0386  -0.0130
  282   -0.0418  -0.0125
  283   -0.0454  -0.0060
  284   -0.0492  -0.0031
  285   -0.0485  -0.0187
  286   -0.0190  -0.0362
  287    0.0319  -0.0271
  288    0.0482  -0.0101
  289    0.0293  -0.0031
  290   -0.0012  -0.0050
  291   -0.0288  -0.0038
  292   -0.0430   0.0022
  293   -0.0466  -0.0113
  294   -0.0360  -0.0247
  295   -0.0154  -0.0264
  296    0.0067  -0.0223
  297    0.0142  -0.0108
  298    0.0103   0.0154
  299    0.0125   0.0235
  300    0.0089   0.0154
  301    0.0146   0.0149
  302    0.0350   0.0247
  303    0.0521   0.0240
  304    0.0490   0.0182
  305    0.0065   0.0252
  306   -0.0338   0.0216
  307   -0.0612   0.0074
  308   -0.0761   0.0034
  309   -0.0622   0.0067
  310   -0.0348   0.0031
  311   -0.0247  -0.0091
  312   -0.0091  -0.0142
  313    0.0214  -0.0034
  314    0.0540   0.0014
  315    0.0737  -0.0146
  316    0.0749  -0.0125
  317    0.0715   0.0036
  318    0.0530   0.0060
  319    0.0046   0.0050
  320   -0.0458   0.0060
  321   -0.0859   0.0142
  322   -0.0946   0.0029
  323   -0.0677  -0.0185
  324   -0.0290  -0.0149
  325    0.0074   0.0012
  326    0.0406   0.0106
  327    0.0485   0.0094
  328    0.0468  -0.0137
  329    0.0365  -0.0168
  330    0.0324  -0.0043
  331    0.0334   0.0221
  332    0.0360   0.0391
  333    0.0413   0.0391
  334    0.0358   0.0379
  335    0.0139   0.0113
  336   -0.0355   0.0014
  337   -0.0809   0.0146
  338   -0.1066  -0.0043
  339   -0.0974  -0.0262
  340   -0.0542  -0.0125
  341    0.0010  -0.0036
  342    0.0468  -0.0012
  343    0.0689  -0.0055
  344    0.0732  -0.0156
  345    0.0686  -0.0199
  346    0.0444  -0.0257
  347    0.0264  -0.0350
  348    0.0096  -0.0295
  349   -0.0074  -0.0108
  350   -0.0190  -0.0079
  351   -0.0226  -0.0194
  352   -0.0283  -0.0298
  353   -0.0372  -0.0161
  354   -0.0427  -0.0125
  355   -0.0466  -0.0130
  356   -0.0518  -0.0125
  357   -0.0468  -0.0050
  358   -0.0276  -0.0026
  359   -0.0113  -0.0077
  360    0.0091  -0.0053
  361    0.0329  -0.0005
  362    0.0490   0.0132
  363    0.0463   0.0089
  364    0.0326   0.0019
  365    0.0115  -0.0074
  366   -0.0204   0.0014
  367   -0.0355   0.0194
  368   -0.0434   0.0322
  369   -0.0365   0.0274
  370   -0.0197   0.0077
  371    0.0046   0.0036
  372    0.0166   0.0046
  373    0.0194   0.0007
  374    0.0197   0.0108
  375    0.0144   0.0158
  376   -0.0086   0.0113
  377   -0.0202   0.0223
  378   -0.0074   0.0281
  379    0.0074   0.0206
  380    0.0120   0.0031
  381    0.0055  -0.0096
  382   -0.0146   0.0055
  383   -0.0269   0.0168
  384   -0.0187   0.0180
  385    0.0041   0.0178
  386    0.0343   0.0115
  387    0.0581   0.0074
  388    0.0763   0.0005
  389    0.0742  -0.0031
  390    0.0662  -0.0079
  391    0.0432   0.0038
  392    0.0139   0.0130
  393   -0.0278   0.0120
  394   -0.0574   0.0055
  395   -0.0722  -0.0101
  396   -0.0746  -0.0046
  397   -0.0566   0.0094
  398   -0.0346   0.0113
  399   -0.0038   0.0098
  400    0.0134  -0.0106
  401    0.0118  -0.0142
  402   -0.0031  -0.0022
  403   -0.0182  -0.0010
  404   -0.0137  -0.0101
  405    0.0010  -0.0216
  406    0.0175  -0.0302
  407    0.0341  -0.0170
  408    0.0394  -0.0113
  409    0.0372  -0.0101
  410    0.0242  -0.0082
  411    0.0130  -0.0103
  412    0.0022  -0.0326
  413    0.0026  -0.0346
  414    0.0022  -0.0005
  415   -0.0108   0.0127
  416   -0.0274   0.0084
  417   -0.0338  -0.0055
  418   -0.0341  -0.0110
  419   -0.0269   0.0038
  420   -0.0132   0.0096
  421    0.0118   0.0134
  422    0.0348  -0.0029
  423    0.0386  -0.0082
  424    0.0298  -0.0125
  425    0.0288  -0.0134
  426    0.0274  -0.0101
  427    0.0233   0.0046
  428    0.0106   0.0146
  429   -0.0086   0.0235
  430   -0.0288   0.0180
  431   -0.0377  -0.0055
  432   -0.0394  -0.0247
  433   -0.0432  -0.0228
  434   -0.0293   0.0158
  435   -0.0098   0.0353
  436    0.0019   0.0410
  437    0.0314   0.0161
  438    0.0458   0.0024
  439    0.0401   0.0067
  440    0.0271   0.0173
  441    0.0074   0.0302
  442   -0.0211   0.0293
  443   -0.0334   0.0118
  444   -0.0403  -0.0022
  445   -0.0406  -0.0149
  446   -0.0379  -0.0206
  447   -0.0190  -0.0161
  448    0.0074  -0.0089
  449    0.0283   0.0026
  450    0.0312   0.0154
  451    0.0276   0.0084
  452    0.0168  -0.0175
  453    0.0000  -0.0288
  454   -0.0149  -0.0312
  455   -0.0233  -0.0158
  456   -0.0252   0.0014
  457   -0.0322   0.0084
  458   -0.0293   0.0050
  459   -0.0182  -0.0132
  460   -0.0079  -0.0221
  461    0.0000  -0.0211
  462    0.0101  -0.0108
  463    0.0199   0.0007
  464    0.0374   0.0038
  465    0.0446   0.0089
  466    0.0396   0.0067
  467    0.0362  -0.0017
  468    0.0218  -0.0050
  469    0.0000  -0.0014
  470   -0.0180  -0.0038
  471   -0.0312   0.0002
  472   -0.0298   0.0017
  473   -0.0190   0.0079
  474   -0.0036   0.0134
  475    0.0067   0.0166
  476    0.0134   0.0108
  477    0.0134   0.0043
  478    0.0077   0.0010
  479    0.0012   0.0007
  480   -0.0007   0.0005
  481   -0.0002   0.0017
  482   -0.0031   0.0000
  483   -0.0036  -0.0010
  484   -0.0022  -0.0007
  485   -0.0012   0.0010
  486   -0.0017   0.0019
  487   -0.0017   0.0017
  488    0.0000   0.0010
  489    0.0007   0.0000
  490    0.0012  -0.0002
  491    0.0010  -0.0010
  492    0.0005  -0.0007
  493    0.0000  -0.0002
  494    0.0000  -0.0002
  495    0.0000  -0.0002
  496    0.0000  -0.0002
  497    0.0000   0.0000
  498    0.0000   0.0000
  499    0.0000   0.0000
  500    0.0000   0.0000
  501    0.0000   0.0000
  502    0.0000   0.0000
  503    0.0000   0.0000
  504    0.0000   0.0000
  505    0.0000   0.0000
  506    0.0000   0.0000
  507    0.0000   0.0000
  508    0.0000   0.0000
  509    0.0000   0.0000
  510    0.0000   0.0000
  511    0.0000   0.0000
  512    0.0000   0.0000
