Echo A : BASELI~1.DTA   
Time Period: 0.04-20.48msec
   No.  A (mPa)  An (mPa)
    1    0.0000   0.0000
    2    0.0000   0.0000
    3    0.0000   0.0000
    4    0.0000   0.0000
    5    0.0000   0.0000
    6    0.0000   0.0000
    7    0.0000   0.0000
    8    0.0000   0.0000
    9    0.0000   0.0000
   10    0.0000   0.0000
   11    0.0000   0.0000
   12    0.0000   0.0000
   13    0.0000   0.0000
   14    0.0000   0.0000
   15    0.0000   0.0000
   16    0.0000   0.0000
   17    0.0000   0.0000
   18    0.0000   0.0000
   19    0.0000   0.0000
   20    0.0000   0.0000
   21    0.0000   0.0000
   22    0.0000   0.0000
   23    0.0000   0.0000
   24    0.0000   0.0000
   25    0.0000   0.0000
   26    0.0000   0.0000
   27    0.0000   0.0000
   28    0.0000   0.0000
   29    0.0000   0.0000
   30    0.0000   0.0000
   31    0.0000   0.0000
   32    0.0000   0.0000
   33    0.0000   0.0000
   34    0.0000   0.0000
   35    0.0000   0.0000
   36    0.0000   0.0000
   37    0.0000   0.0000
   38    0.0000   0.0000
   39    0.0000   0.0000
   40    0.0000   0.0000
   41    0.0000   0.0000
   42    0.0000   0.0000
   43    0.0000   0.0000
   44    0.0000   0.0000
   45    0.0000   0.0000
   46    0.0000   0.0000
   47    0.0000   0.0000
   48    0.0000   0.0000
   49    0.0000   0.0000
   50    0.0000   0.0000
   51    0.0000   0.0000
   52    0.0000   0.0000
   53    0.0000  -0.0002
   54   -0.0002   0.0000
   55   -0.0002  -0.0002
   56   -0.0005   0.0000
   57   -0.0005  -0.0002
   58   -0.0007   0.0000
   59   -0.0007  -0.0002
   60   -0.0010   0.0000
   61   -0.0010  -0.0002
   62   -0.0012   0.0000
   63   -0.0014  -0.0002
   64   -0.0017  -0.0002
   65   -0.0019  -0.0002
   66   -0.0022  -0.0002
   67   -0.0026  -0.0002
   68   -0.0050  -0.0002
   69   -0.0065   0.0002
   70   -0.0022   0.0002
   71    0.0091   0.0002
   72    0.0192   0.0002
   73    0.0218   0.0012
   74    0.0175   0.0005
   75    0.0118   0.0002
   76    0.0127   0.0002
   77    0.0158  -0.0002
   78    0.0084  -0.0029
   79   -0.0115  -0.0031
   80   -0.0379  -0.0022
   81   -0.0638  -0.0034
   82   -0.0689  -0.0024
   83   -0.0408  -0.0029
   84    0.0007  -0.0029
   85    0.0240  -0.0079
   86    0.0163  -0.0072
   87   -0.0070  -0.0046
   88   -0.0144  -0.0043
   89    0.0115   0.0000
   90    0.0533   0.0038
   91    0.0614   0.0067
   92    0.0341   0.0115
   93    0.0134   0.0146
   94    0.0065   0.0187
   95    0.0034   0.0199
   96    0.0084   0.0130
   97    0.0226   0.0017
   98    0.0252  -0.0012
   99    0.0007   0.0149
  100   -0.0499   0.0137
  101   -0.0960  -0.0026
  102   -0.0751  -0.0058
  103    0.0079  -0.0096
  104    0.0874  -0.0175
  105    0.0782  -0.0127
  106    0.0156  -0.0235
  107   -0.0578  -0.0288
  108   -0.0732  -0.0437
  109   -0.0242  -0.0326
  110    0.0427  -0.0149
  111    0.0746  -0.0058
  112    0.0535  -0.0002
  113    0.0000   0.0050
  114   -0.0353   0.0010
  115   -0.0281  -0.0007
  116   -0.0257   0.0067
  117   -0.0586   0.0089
  118   -0.1171   0.0038
  119   -0.1402  -0.0070
  120   -0.0730  -0.0091
  121    0.0566  -0.0005
  122    0.1661   0.0113
  123    0.1771   0.0185
  124    0.0842   0.0358
  125   -0.0254   0.0466
  126   -0.0492   0.0446
  127   -0.0010   0.0278
  128    0.0578   0.0079
  129    0.0451  -0.0113
  130   -0.0346   0.0034
  131   -0.0893   0.0166
  132   -0.0725   0.0180
  133   -0.0026  -0.0036
  134    0.0907  -0.0055
  135    0.1217   0.0002
  136    0.0766  -0.0084
  137    0.0173  -0.0187
  138   -0.0235  -0.0084
  139   -0.0516   0.0060
  140   -0.0713   0.0096
  141   -0.0864   0.0106
  142   -0.0725   0.0084
  143   -0.0526  -0.0144
  144   -0.0216  -0.0161
  145    0.0370  -0.0026
  146    0.0718   0.0010
  147    0.0622   0.0014
  148    0.0288  -0.0010
  149   -0.0156  -0.0341
  150   -0.0446  -0.0576
  151   -0.0298  -0.0314
  152   -0.0002  -0.0067
  153    0.0024   0.0067
  154   -0.0185   0.0204
  155   -0.0487   0.0250
  156   -0.0482   0.0151
  157   -0.0214   0.0031
  158    0.0226  -0.0120
  159    0.0550  -0.0204
  160    0.0526  -0.0058
  161    0.0175   0.0106
  162   -0.0110   0.0012
  163   -0.0118  -0.0089
  164    0.0043  -0.0106
  165    0.0259   0.0019
  166    0.0247  -0.0058
  167   -0.0036  -0.0125
  168   -0.0432  -0.0170
  169   -0.0538   0.0041
  170   -0.0317   0.0247
  171   -0.0010   0.0192
  172    0.0317   0.0091
  173    0.0358   0.0086
  174    0.0254   0.0139
  175    0.0084   0.0144
  176   -0.0106   0.0108
  177   -0.0053   0.0098
  178    0.0271   0.0038
  179    0.0480  -0.0046
  180    0.0475   0.0110
  181    0.0221   0.0302
  182   -0.0115   0.0209
  183   -0.0355   0.0010
  184   -0.0286   0.0017
  185    0.0048   0.0142
  186    0.0329   0.0043
  187    0.0257  -0.0158
  188   -0.0072  -0.0137
  189   -0.0605  -0.0101
  190   -0.1174  -0.0202
  191   -0.1303  -0.0305
  192   -0.0965  -0.0355
  193   -0.0341  -0.0391
  194    0.0298  -0.0370
  195    0.0878  -0.0228
  196    0.1082  -0.0235
  197    0.1049  -0.0175
  198    0.0883  -0.0158
  199    0.0502  -0.0142
  200    0.0240  -0.0178
  201    0.0194  -0.0206
  202    0.0329  -0.0149
  203    0.0302  -0.0019
  204    0.0043   0.0163
  205   -0.0338   0.0216
  206   -0.0778   0.0322
  207   -0.1046   0.0394
  208   -0.0890   0.0408
  209   -0.0619   0.0422
  210   -0.0374   0.0362
  211   -0.0127   0.0334
  212    0.0002   0.0226
  213    0.0221   0.0086
  214    0.0514   0.0074
  215    0.0504  -0.0026
  216    0.0240  -0.0062
  217   -0.0108   0.0048
  218   -0.0350   0.0115
  219   -0.0350   0.0187
  220   -0.0094   0.0216
  221    0.0202   0.0151
  222    0.0418   0.0113
  223    0.0473   0.0079
  224    0.0518   0.0098
  225    0.0646   0.0091
  226    0.0826   0.0106
  227    0.0857  -0.0058
  228    0.0557  -0.0206
  229   -0.0053  -0.0334
  230   -0.0737  -0.0545
  231   -0.1210  -0.0696
  232   -0.1344  -0.0595
  233   -0.1210  -0.0518
  234   -0.0905  -0.0358
  235   -0.0734  -0.0106
  236   -0.0466  -0.0043
  237   -0.0072   0.0043
  238    0.0365   0.0074
  239    0.0857   0.0187
  240    0.1214   0.0358
  241    0.1176   0.0307
  242    0.0941   0.0314
  243    0.0737   0.0427
  244    0.0631   0.0329
  245    0.0540   0.0266
  246    0.0360   0.0326
  247    0.0034   0.0211
  248   -0.0398   0.0098
  249   -0.0686   0.0002
  250   -0.0900  -0.0221
  251   -0.0878  -0.0358
  252   -0.0833  -0.0252
  253   -0.0706  -0.0204
  254   -0.0629  -0.0391
  255   -0.0612  -0.0552
  256   -0.0350  -0.0593
  257   -0.0108  -0.0470
  258    0.0000  -0.0245
  259    0.0098  -0.0046
  260    0.0197   0.0034
  261    0.0286   0.0079
  262    0.0377   0.0187
  263    0.0362   0.0334
  264    0.0242   0.0360
  265    0.0173   0.0293
  266    0.0072   0.0223
  267    0.0091   0.0108
  268    0.0211   0.0115
  269    0.0257   0.0149
  270    0.0346   0.0187
  271    0.0420   0.0221
  272    0.0355   0.0180
  273    0.0307   0.0060
  274    0.0226  -0.0031
  275    0.0014   0.0000
  276   -0.0230   0.0106
  277   -0.0473   0.0041
  278   -0.0545   0.0127
  279   -0.0562   0.0238
  280   -0.0372   0.0002
  281   -0.0048  -0.0187
  282    0.0115  -0.0216
  283    0.0216  -0.0264
  284    0.0362  -0.0166
  285    0.0338  -0.0084
  286    0.0158  -0.0038
  287   -0.0113  -0.0103
  288   -0.0348  -0.0137
  289   -0.0554  -0.0192
  290   -0.0528  -0.0223
  291   -0.0382  -0.0130
  292   -0.0240   0.0031
  293    0.0005   0.0334
  294    0.0199   0.0449
  295    0.0307   0.0240
  296    0.0420   0.0199
  297    0.0569   0.0144
  298    0.0734  -0.0178
  299    0.0811  -0.0245
  300    0.0778  -0.0180
  301    0.0511  -0.0180
  302    0.0185  -0.0072
  303   -0.0067   0.0161
  304   -0.0194   0.0103
  305   -0.0403  -0.0034
  306   -0.0480  -0.0074
  307   -0.0382  -0.0170
  308   -0.0338  -0.0149
  309   -0.0302  -0.0142
  310   -0.0286  -0.0122
  311   -0.0281  -0.0074
  312   -0.0257  -0.0079
  313   -0.0214  -0.0043
  314   -0.0048   0.0072
  315    0.0000   0.0079
  316    0.0074   0.0156
  317    0.0209   0.0370
  318    0.0314   0.0379
  319    0.0326   0.0331
  320    0.0322   0.0307
  321    0.0228   0.0144
  322    0.0130  -0.0053
  323    0.0029   0.0043
  324   -0.0115  -0.0156
  325   -0.0252  -0.0276
  326   -0.0254  -0.0137
  327   -0.0324   0.0060
  328   -0.0451  -0.0060
  329   -0.0499  -0.0139
  330   -0.0420  -0.0204
  331   -0.0281  -0.0098
  332   -0.0113  -0.0048
  333   -0.0012  -0.0125
  334   -0.0022  -0.0154
  335   -0.0091  -0.0106
  336    0.0002  -0.0079
  337    0.0199  -0.0041
  338    0.0432   0.0002
  339    0.0562  -0.0002
  340    0.0475  -0.0024
  341    0.0432   0.0017
  342    0.0427   0.0007
  343    0.0374  -0.0029
  344    0.0206  -0.0036
  345   -0.0048  -0.0022
  346   -0.0331   0.0137
  347   -0.0533   0.0137
  348   -0.0643   0.0098
  349   -0.0557   0.0005
  350   -0.0379  -0.0122
  351   -0.0247  -0.0166
  352   -0.0180  -0.0125
  353   -0.0103   0.0007
  354    0.0053   0.0206
  355    0.0290   0.0358
  356    0.0458   0.0302
  357    0.0403   0.0096
  358    0.0187  -0.0146
  359    0.0089  -0.0211
  360    0.0170  -0.0122
  361    0.0144  -0.0113
  362    0.0065  -0.0149
  363    0.0038  -0.0118
  364    0.0065  -0.0108
  365    0.0024  -0.0190
  366    0.0041  -0.0187
  367    0.0079  -0.0046
  368    0.0074   0.0142
  369    0.0103   0.0190
  370    0.0079   0.0187
  371    0.0067   0.0144
  372    0.0103   0.0014
  373    0.0190  -0.0072
  374    0.0142   0.0002
  375   -0.0024   0.0156
  376   -0.0199   0.0310
  377   -0.0288   0.0245
  378   -0.0310   0.0055
  379   -0.0238   0.0065
  380   -0.0178   0.0139
  381   -0.0214   0.0026
  382   -0.0166  -0.0022
  383   -0.0132  -0.0098
  384   -0.0022  -0.0125
  385    0.0041   0.0019
  386   -0.0026   0.0142
  387   -0.0113   0.0228
  388   -0.0125   0.0254
  389   -0.0041   0.0072
  390   -0.0002  -0.0089
  391    0.0043  -0.0005
  392    0.0019  -0.0055
  393   -0.0043  -0.0070
  394   -0.0019  -0.0130
  395    0.0026  -0.0106
  396    0.0060  -0.0288
  397    0.0048  -0.0367
  398    0.0055  -0.0062
  399    0.0108   0.0132
  400    0.0132   0.0079
  401    0.0230  -0.0022
  402    0.0276  -0.0168
  403    0.0158  -0.0194
  404    0.0053  -0.0091
  405    0.0048  -0.0053
  406    0.0036  -0.0115
  407    0.0055  -0.0144
  408    0.0031  -0.0082
  409   -0.0043   0.0010
  410   -0.0137   0.0026
  411   -0.0110   0.0144
  412   -0.0036   0.0089
  413    0.0034  -0.0010
  414    0.0017   0.0070
  415   -0.0072   0.0216
  416   -0.0110   0.0247
  417   -0.0182   0.0154
  418   -0.0050   0.0158
  419    0.0127   0.0204
  420    0.0106   0.0163
  421    0.0077   0.0002
  422    0.0168  -0.0029
  423    0.0194   0.0060
  424    0.0166   0.0151
  425    0.0079   0.0084
  426   -0.0072  -0.0024
  427   -0.0271  -0.0067
  428   -0.0408  -0.0010
  429   -0.0338   0.0010
  430   -0.0158  -0.0055
  431   -0.0017  -0.0154
  432    0.0132  -0.0374
  433    0.0122  -0.0523
  434   -0.0074  -0.0338
  435   -0.0175  -0.0218
  436   -0.0137  -0.0288
  437   -0.0110  -0.0288
  438   -0.0144  -0.0214
  439   -0.0067  -0.0070
  440   -0.0034   0.0113
  441   -0.0185   0.0228
  442   -0.0154   0.0180
  443    0.0113   0.0038
  444    0.0127   0.0218
  445    0.0118   0.0334
  446    0.0209   0.0338
  447    0.0206   0.0307
  448    0.0209   0.0240
  449    0.0302   0.0240
  450    0.0317   0.0194
  451    0.0211   0.0034
  452    0.0180  -0.0079
  453    0.0161  -0.0010
  454    0.0110   0.0060
  455    0.0002  -0.0010
  456   -0.0060  -0.0098
  457   -0.0091  -0.0199
  458   -0.0089  -0.0247
  459   -0.0101  -0.0245
  460   -0.0144  -0.0132
  461   -0.0182  -0.0079
  462   -0.0223  -0.0043
  463   -0.0259   0.0041
  464   -0.0197   0.0019
  465   -0.0077   0.0050
  466    0.0036   0.0089
  467    0.0108  -0.0031
  468    0.0130  -0.0110
  469    0.0072  -0.0062
  470    0.0022  -0.0010
  471    0.0019   0.0002
  472   -0.0007   0.0041
  473   -0.0012   0.0086
  474   -0.0010   0.0125
  475   -0.0034   0.0103
  476   -0.0055   0.0048
  477   -0.0058  -0.0012
  478   -0.0002   0.0012
  479    0.0050   0.0019
  480    0.0043  -0.0022
  481    0.0002  -0.0019
  482   -0.0014   0.0002
  483   -0.0005   0.0010
  484    0.0007   0.0005
  485    0.0024  -0.0002
  486    0.0019  -0.0002
  487    0.0007  -0.0010
  488    0.0000  -0.0019
  489   -0.0005  -0.0010
  490   -0.0002  -0.0010
  491    0.0000  -0.0005
  492    0.0000   0.0000
  493    0.0000   0.0002
  494    0.0000   0.0002
  495    0.0000   0.0000
  496    0.0000   0.0000
  497    0.0000   0.0000
  498    0.0000   0.0000
  499    0.0000   0.0000
  500    0.0000   0.0000
  501    0.0000   0.0000
  502    0.0000   0.0000
  503    0.0000   0.0000
  504    0.0000   0.0000
  505    0.0000   0.0000
  506    0.0000   0.0000
  507    0.0000   0.0000
  508    0.0000   0.0000
  509    0.0000   0.0000
  510    0.0000   0.0000
  511    0.0000   0.0000
  512    0.0000   0.0000
