Echo A : BASELI~1.DTA   
Time Period: 0.04-20.48msec
   No.  A (mPa)  An (mPa)
    1    0.0000   0.0000
    2    0.0000   0.0000
    3    0.0000   0.0000
    4    0.0000   0.0000
    5    0.0000   0.0000
    6    0.0000   0.0000
    7    0.0000   0.0000
    8    0.0000   0.0000
    9    0.0000   0.0000
   10    0.0000   0.0000
   11    0.0000   0.0000
   12    0.0000   0.0000
   13    0.0000   0.0000
   14    0.0000   0.0000
   15    0.0000   0.0000
   16    0.0000   0.0000
   17    0.0000   0.0000
   18    0.0000   0.0000
   19    0.0000   0.0000
   20    0.0000   0.0000
   21    0.0000   0.0000
   22    0.0000   0.0000
   23    0.0000   0.0000
   24    0.0000   0.0000
   25    0.0000   0.0000
   26    0.0000   0.0000
   27    0.0000   0.0000
   28    0.0000   0.0000
   29    0.0000   0.0000
   30    0.0000   0.0000
   31    0.0000   0.0000
   32    0.0000   0.0000
   33    0.0000   0.0000
   34    0.0000   0.0000
   35    0.0000   0.0000
   36    0.0000   0.0000
   37    0.0000   0.0000
   38    0.0000   0.0000
   39    0.0000   0.0000
   40    0.0000   0.0000
   41    0.0000   0.0000
   42    0.0000   0.0000
   43    0.0000   0.0000
   44    0.0000   0.0002
   45    0.0000   0.0002
   46    0.0002   0.0002
   47    0.0002   0.0002
   48    0.0005   0.0002
   49    0.0005   0.0002
   50    0.0007   0.0002
   51    0.0007   0.0002
   52    0.0010   0.0002
   53    0.0012   0.0002
   54    0.0012   0.0005
   55    0.0014   0.0005
   56    0.0017   0.0005
   57    0.0019   0.0005
   58    0.0022   0.0005
   59    0.0026   0.0007
   60    0.0029   0.0007
   61    0.0034   0.0007
   62    0.0036   0.0010
   63    0.0041   0.0010
   64    0.0048   0.0010
   65    0.0053   0.0012
   66    0.0058   0.0012
   67    0.0055   0.0014
   68    0.0062   0.0014
   69    0.0067   0.0017
   70    0.0034   0.0017
   71   -0.0022   0.0019
   72   -0.0017   0.0024
   73    0.0137   0.0022
   74    0.0350   0.0024
   75    0.0322   0.0019
   76   -0.0089   0.0002
   77   -0.0540   0.0010
   78   -0.0490   0.0002
   79    0.0091   0.0014
   80    0.0622   0.0002
   81    0.0382  -0.0029
   82   -0.0511  -0.0026
   83   -0.1042  -0.0031
   84   -0.0521  -0.0060
   85    0.0514  -0.0055
   86    0.0948  -0.0055
   87    0.0413  -0.0060
   88   -0.0415  -0.0026
   89   -0.0919  -0.0053
   90   -0.0991  -0.0070
   91   -0.0778  -0.0122
   92   -0.0132  -0.0113
   93    0.0818  -0.0149
   94    0.1042  -0.0058
   95   -0.0098   0.0031
   96   -0.1445  -0.0072
   97   -0.1102  -0.0115
   98    0.0886  -0.0022
   99    0.2088   0.0149
  100    0.0838   0.0209
  101   -0.1951   0.0163
  102   -0.3367   0.0029
  103   -0.1896  -0.0178
  104    0.1363  -0.0161
  105    0.3437  -0.0050
  106    0.2666   0.0079
  107   -0.0038   0.0118
  108   -0.1994   0.0144
  109   -0.1490   0.0190
  110    0.0682   0.0199
  111    0.2033   0.0108
  112    0.0948   0.0017
  113   -0.1721   0.0038
  114   -0.2974   0.0122
  115   -0.1313   0.0089
  116    0.1702   0.0010
  117    0.3079  -0.0077
  118    0.1644  -0.0118
  119   -0.1133  -0.0142
  120   -0.2230  -0.0106
  121   -0.0418  -0.0113
  122    0.2174  -0.0072
  123    0.2124  -0.0130
  124   -0.0890  -0.0142
  125   -0.3725  -0.0082
  126   -0.3372   0.0010
  127    0.0348   0.0103
  128    0.4116   0.0084
  129    0.3989   0.0118
  130    0.0535   0.0055
  131   -0.2558  -0.0127
  132   -0.2515  -0.0058
  133    0.0115   0.0055
  134    0.2107   0.0026
  135    0.1133   0.0120
  136   -0.1178   0.0226
  137   -0.1754   0.0082
  138    0.0029  -0.0118
  139    0.1726  -0.0151
  140    0.1342  -0.0098
  141   -0.0394  -0.0101
  142   -0.0953  -0.0014
  143    0.0545   0.0065
  144    0.1901  -0.0046
  145    0.0871  -0.0024
  146   -0.1699  -0.0007
  147   -0.2868  -0.0070
  148   -0.1054  -0.0113
  149    0.1925  -0.0067
  150    0.3139  -0.0103
  151    0.1315  -0.0096
  152   -0.1819  -0.0012
  153   -0.3490   0.0010
  154   -0.2618  -0.0067
  155   -0.0804  -0.0166
  156    0.0365  -0.0182
  157    0.0778  -0.0103
  158    0.1318   0.0084
  159    0.2119   0.0096
  160    0.2258  -0.0046
  161    0.1301  -0.0084
  162   -0.0511  -0.0082
  163   -0.1742  -0.0084
  164   -0.1649   0.0091
  165   -0.1097   0.0358
  166   -0.1236   0.0490
  167   -0.1954   0.0384
  168   -0.2472   0.0084
  169   -0.1889  -0.0055
  170    0.0454   0.0079
  171    0.3641   0.0218
  172    0.5227   0.0228
  173    0.3569   0.0031
  174   -0.0170   0.0055
  175   -0.2777   0.0048
  176   -0.2057  -0.0036
  177    0.0842  -0.0082
  178    0.2532   0.0082
  179    0.0960   0.0072
  180   -0.1980   0.0084
  181   -0.3091   0.0096
  182   -0.1390  -0.0074
  183    0.1253  -0.0182
  184    0.2534  -0.0094
  185    0.1327  -0.0053
  186   -0.1092  -0.0101
  187   -0.2496  -0.0118
  188   -0.2071  -0.0108
  189   -0.0552  -0.0094
  190    0.1066  -0.0108
  191    0.2131  -0.0118
  192    0.2431  -0.0022
  193    0.2105   0.0014
  194    0.1147   0.0038
  195   -0.0010  -0.0010
  196   -0.0828  -0.0079
  197   -0.0955  -0.0026
  198   -0.1070  -0.0038
  199   -0.1591  -0.0098
  200   -0.1963   0.0017
  201   -0.1308   0.0151
  202    0.0106   0.0199
  203    0.1214   0.0089
  204    0.1212  -0.0017
  205    0.0238  -0.0065
  206   -0.0458  -0.0062
  207   -0.0118  -0.0084
  208    0.0521  -0.0070
  209    0.0134  -0.0120
  210   -0.1253  -0.0134
  211   -0.2040  -0.0130
  212   -0.1032  -0.0113
  213    0.1337  -0.0055
  214    0.2851  -0.0026
  215    0.1865  -0.0074
  216   -0.0485  -0.0067
  217   -0.1771  -0.0130
  218   -0.1063   0.0002
  219    0.0120   0.0194
  220    0.0067   0.0329
  221   -0.1301   0.0350
  222   -0.2544   0.0269
  223   -0.2196   0.0216
  224   -0.0089   0.0276
  225    0.2407   0.0293
  226    0.3502   0.0168
  227    0.2700   0.0115
  228    0.1099   0.0125
  229    0.0314   0.0108
  230    0.0842   0.0024
  231    0.1598   0.0043
  232    0.1147   0.0199
  233   -0.0547   0.0144
  234   -0.2177   0.0082
  235   -0.2587   0.0050
  236   -0.1675  -0.0019
  237   -0.0276  -0.0070
  238    0.0509  -0.0058
  239    0.0281  -0.0101
  240   -0.0242  -0.0211
  241   -0.0149  -0.0199
  242    0.0389  -0.0211
  243    0.0413  -0.0269
  244    0.0060  -0.0286
  245    0.0278  -0.0240
  246    0.1346  -0.0276
  247    0.2400  -0.0235
  248    0.1817  -0.0139
  249   -0.0574  -0.0041
  250   -0.2606  -0.0041
  251   -0.2374  -0.0084
  252   -0.0756  -0.0053
  253    0.0103   0.0106
  254   -0.0691   0.0024
  255   -0.2095   0.0166
  256   -0.2261   0.0113
  257   -0.0754   0.0050
  258    0.1298  -0.0098
  259    0.2395   0.0053
  260    0.2047   0.0187
  261    0.1351   0.0118
  262    0.0989   0.0142
  263    0.0761   0.0166
  264   -0.0170   0.0048
  265   -0.1877  -0.0086
  266   -0.3091  -0.0211
  267   -0.2472  -0.0197
  268   -0.0382  -0.0142
  269    0.1318  -0.0211
  270    0.1152  -0.0180
  271   -0.0130  -0.0240
  272   -0.1118  -0.0214
  273   -0.0770  -0.0173
  274    0.0749  -0.0065
  275    0.1966  -0.0144
  276    0.1879  -0.0194
  277    0.0701  -0.0259
  278   -0.0365  -0.0322
  279   -0.0346  -0.0228
  280    0.0917  -0.0072
  281    0.2381   0.0041
  282    0.2491   0.0118
  283    0.0948   0.0038
  284   -0.1054   0.0062
  285   -0.2347   0.0041
  286   -0.2566   0.0096
  287   -0.1985   0.0331
  288   -0.1097   0.0365
  289   -0.0413   0.0391
  290    0.0276   0.0463
  291    0.1066   0.0408
  292    0.1466   0.0276
  293    0.1169   0.0288
  294    0.0341   0.0286
  295   -0.0218   0.0178
  296   -0.0046   0.0218
  297    0.0485   0.0259
  298    0.0386   0.0223
  299   -0.0314   0.0211
  300   -0.0749   0.0125
  301   -0.0377   0.0014
  302    0.0394   0.0034
  303    0.1022   0.0014
  304    0.1303  -0.0108
  305    0.0852  -0.0281
  306   -0.0355  -0.0360
  307   -0.1622  -0.0350
  308   -0.2282  -0.0110
  309   -0.1937  -0.0034
  310   -0.0526  -0.0079
  311    0.1174  -0.0204
  312    0.1733  -0.0254
  313    0.0751  -0.0130
  314   -0.0917  -0.0060
  315   -0.1822  -0.0149
  316   -0.1164  -0.0281
  317    0.0223  -0.0041
  318    0.0482   0.0096
  319   -0.0694   0.0072
  320   -0.1939   0.0019
  321   -0.1728  -0.0130
  322   -0.0007  -0.0170
  323    0.1778  -0.0130
  324    0.2422  -0.0096
  325    0.1872  -0.0043
  326    0.0871  -0.0036
  327    0.0127   0.0031
  328   -0.0420   0.0067
  329   -0.0898   0.0041
  330   -0.1104   0.0010
  331   -0.0816   0.0185
  332    0.0156   0.0288
  333    0.1034   0.0338
  334    0.1385   0.0408
  335    0.0862   0.0370
  336   -0.0218   0.0324
  337   -0.0773   0.0166
  338   -0.0598   0.0029
  339   -0.0398  -0.0058
  340   -0.0516   0.0017
  341   -0.0720   0.0113
  342   -0.0686  -0.0094
  343   -0.0019  -0.0166
  344    0.1106  -0.0211
  345    0.1733  -0.0341
  346    0.1464  -0.0475
  347    0.0545  -0.0449
  348   -0.0334  -0.0310
  349   -0.0648  -0.0060
  350   -0.0406   0.0101
  351   -0.0228   0.0062
  352   -0.0715  -0.0175
  353   -0.1260  -0.0240
  354   -0.0823  -0.0166
  355    0.0482  -0.0055
  356    0.1615  -0.0043
  357    0.1718  -0.0036
  358    0.0792   0.0019
  359   -0.0271   0.0041
  360   -0.0694   0.0086
  361   -0.0514   0.0108
  362   -0.0523   0.0029
  363   -0.0840   0.0079
  364   -0.0751   0.0113
  365    0.0050   0.0170
  366    0.1138   0.0149
  367    0.1630   0.0084
  368    0.0797   0.0077
  369   -0.0636   0.0146
  370   -0.1193   0.0127
  371   -0.0324   0.0108
  372    0.0672   0.0194
  373    0.0463   0.0137
  374   -0.0850  -0.0014
  375   -0.1855  -0.0094
  376   -0.1550  -0.0151
  377    0.0144  -0.0149
  378    0.1970  -0.0146
  379    0.2455  -0.0089
  380    0.1553   0.0031
  381    0.0163  -0.0022
  382   -0.0857  -0.0125
  383   -0.1106  -0.0137
  384   -0.0674  -0.0214
  385   -0.0149  -0.0108
  386    0.0065  -0.0226
  387   -0.0029  -0.0257
  388   -0.0266  -0.0199
  389   -0.0595  -0.0166
  390   -0.0662  -0.0180
  391   -0.0178  -0.0084
  392    0.0389   0.0091
  393    0.0686   0.0194
  394    0.0451   0.0269
  395   -0.0062   0.0374
  396   -0.0562   0.0326
  397   -0.0799   0.0199
  398   -0.0523   0.0161
  399    0.0262   0.0130
  400    0.1248   0.0194
  401    0.1850   0.0204
  402    0.1368   0.0216
  403    0.0014  -0.0007
  404   -0.1202  -0.0113
  405   -0.1740  -0.0034
  406   -0.1524   0.0154
  407   -0.0811   0.0312
  408   -0.0053   0.0425
  409    0.0300   0.0449
  410    0.0211   0.0326
  411   -0.0082   0.0038
  412    0.0072  -0.0166
  413    0.0689  -0.0182
  414    0.1474  -0.0194
  415    0.1567  -0.0199
  416    0.0518  -0.0137
  417   -0.1027  -0.0144
  418   -0.2179  -0.0120
  419   -0.2170  -0.0108
  420   -0.1001   0.0000
  421    0.0612  -0.0038
  422    0.1394  -0.0130
  423    0.1061  -0.0178
  424    0.0254  -0.0019
  425   -0.0288   0.0026
  426   -0.0466  -0.0139
  427   -0.0434  -0.0118
  428   -0.0300   0.0180
  429    0.0046   0.0293
  430    0.0554   0.0163
  431    0.0991  -0.0103
  432    0.0900  -0.0254
  433    0.0470  -0.0218
  434    0.0384  -0.0206
  435    0.0799  -0.0319
  436    0.1080  -0.0338
  437    0.0698  -0.0218
  438   -0.0312  -0.0118
  439   -0.1675  -0.0058
  440   -0.2258  -0.0079
  441   -0.1606  -0.0058
  442   -0.0158  -0.0065
  443    0.1061  -0.0065
  444    0.1387   0.0065
  445    0.1075   0.0154
  446    0.0634   0.0096
  447    0.0209   0.0170
  448   -0.0324   0.0331
  449   -0.0694   0.0374
  450   -0.0670   0.0178
  451   -0.0324   0.0005
  452    0.0048   0.0022
  453    0.0202   0.0089
  454    0.0245   0.0014
  455    0.0122  -0.0043
  456   -0.0062   0.0053
  457   -0.0077   0.0113
  458    0.0002   0.0137
  459   -0.0197   0.0089
  460   -0.0722  -0.0079
  461   -0.1181  -0.0142
  462   -0.1018  -0.0142
  463   -0.0271  -0.0118
  464    0.0653  -0.0034
  465    0.1111   0.0060
  466    0.1013  -0.0002
  467    0.0526  -0.0096
  468    0.0079  -0.0101
  469   -0.0094  -0.0043
  470   -0.0132  -0.0010
  471   -0.0226   0.0022
  472   -0.0466   0.0002
  473   -0.0569   0.0000
  474   -0.0300  -0.0019
  475    0.0125  -0.0014
  476    0.0394   0.0010
  477    0.0307   0.0012
  478    0.0058  -0.0019
  479   -0.0089  -0.0043
  480   -0.0072  -0.0043
  481    0.0024  -0.0010
  482    0.0041   0.0007
  483   -0.0002   0.0014
  484   -0.0022   0.0010
  485    0.0010  -0.0012
  486    0.0046  -0.0019
  487    0.0072  -0.0014
  488    0.0060  -0.0017
  489    0.0014  -0.0007
  490   -0.0024  -0.0002
  491   -0.0034  -0.0002
  492   -0.0036   0.0000
  493   -0.0036  -0.0002
  494   -0.0029   0.0000
  495   -0.0012   0.0002
  496    0.0000   0.0005
  497    0.0002   0.0005
  498    0.0002   0.0002
  499    0.0000   0.0002
  500    0.0000   0.0000
  501    0.0000   0.0000
  502    0.0000   0.0000
  503    0.0000   0.0000
  504    0.0000   0.0000
  505    0.0000   0.0000
  506    0.0000   0.0000
  507    0.0000   0.0000
  508    0.0000   0.0000
  509    0.0000   0.0000
  510    0.0000   0.0000
  511    0.0000   0.0000
  512    0.0000   0.0000
