Echo A : BASELI~1.DTA   
Time Period: 0.04-20.48msec
   No.  A (mPa)  An (mPa)
    1    0.0000   0.0000
    2    0.0000   0.0000
    3    0.0000   0.0000
    4    0.0000   0.0000
    5    0.0000   0.0000
    6    0.0000   0.0000
    7    0.0000   0.0000
    8    0.0000   0.0000
    9    0.0000   0.0000
   10    0.0000   0.0000
   11    0.0000   0.0000
   12    0.0000   0.0000
   13    0.0000   0.0000
   14    0.0000   0.0000
   15    0.0000   0.0000
   16    0.0000   0.0000
   17    0.0000   0.0000
   18    0.0000   0.0000
   19    0.0000   0.0000
   20    0.0000   0.0000
   21    0.0000   0.0000
   22    0.0000   0.0000
   23    0.0000   0.0000
   24    0.0000   0.0000
   25    0.0000   0.0000
   26    0.0000   0.0000
   27    0.0000   0.0000
   28    0.0000   0.0000
   29    0.0000   0.0000
   30    0.0000   0.0000
   31    0.0000   0.0000
   32    0.0000   0.0000
   33    0.0000   0.0000
   34    0.0000   0.0000
   35    0.0000   0.0000
   36    0.0000   0.0000
   37    0.0000   0.0000
   38    0.0000   0.0000
   39    0.0000   0.0000
   40    0.0000   0.0000
   41    0.0000   0.0000
   42    0.0000   0.0000
   43    0.0000   0.0000
   44    0.0000   0.0000
   45    0.0000   0.0000
   46    0.0000   0.0000
   47    0.0000   0.0002
   48    0.0002   0.0000
   49    0.0002   0.0002
   50    0.0005   0.0000
   51    0.0005   0.0002
   52    0.0007   0.0000
   53    0.0007   0.0002
   54    0.0010   0.0000
   55    0.0010   0.0002
   56    0.0012   0.0002
   57    0.0014   0.0002
   58    0.0017   0.0002
   59    0.0019   0.0002
   60    0.0022   0.0002
   61    0.0026   0.0002
   62    0.0029   0.0002
   63    0.0034   0.0002
   64    0.0038   0.0002
   65    0.0043   0.0002
   66    0.0043   0.0002
   67    0.0017   0.0005
   68   -0.0007   0.0005
   69    0.0005   0.0010
   70    0.0074   0.0010
   71    0.0168   0.0017
   72    0.0226   0.0024
   73    0.0204   0.0031
   74    0.0154   0.0031
   75    0.0132   0.0017
   76    0.0110   0.0002
   77    0.0036   0.0014
   78   -0.0139   0.0010
   79   -0.0331  -0.0002
   80   -0.0415   0.0029
   81   -0.0408   0.0034
   82   -0.0403   0.0024
   83   -0.0418  -0.0002
   84   -0.0413   0.0041
   85   -0.0365   0.0089
   86   -0.0281   0.0118
   87   -0.0230   0.0134
   88   -0.0182   0.0101
   89   -0.0151   0.0036
   90   -0.0053   0.0002
   91    0.0065  -0.0012
   92    0.0113  -0.0007
   93    0.0228   0.0019
   94    0.0420  -0.0012
   95    0.0636  -0.0031
   96    0.0830   0.0010
   97    0.0749   0.0070
   98    0.0341   0.0072
   99    0.0048  -0.0010
  100    0.0266  -0.0118
  101    0.0499  -0.0250
  102    0.0185  -0.0252
  103   -0.0698  -0.0137
  104   -0.1142  -0.0074
  105   -0.0487  -0.0149
  106    0.0646  -0.0118
  107    0.0842  -0.0137
  108   -0.0298  -0.0252
  109   -0.1834  -0.0382
  110   -0.1843  -0.0350
  111   -0.0151  -0.0096
  112    0.1548   0.0041
  113    0.1584   0.0163
  114   -0.0103   0.0199
  115   -0.1574   0.0178
  116   -0.0996   0.0122
  117    0.0883   0.0086
  118    0.1975  -0.0050
  119    0.1181  -0.0216
  120   -0.0622  -0.0158
  121   -0.1498  -0.0098
  122   -0.0804  -0.0050
  123    0.0401   0.0026
  124    0.1094   0.0132
  125    0.0835   0.0166
  126   -0.0026   0.0134
  127   -0.0638   0.0084
  128   -0.0641   0.0029
  129   -0.0290   0.0113
  130    0.0326   0.0060
  131    0.0708  -0.0089
  132    0.0463  -0.0079
  133   -0.0187   0.0022
  134   -0.0540   0.0096
  135   -0.0427   0.0206
  136    0.0053   0.0077
  137    0.0614  -0.0060
  138    0.0862  -0.0031
  139    0.0667   0.0142
  140   -0.0329   0.0281
  141   -0.1320   0.0305
  142   -0.1346   0.0247
  143   -0.0206  -0.0158
  144    0.1164  -0.0274
  145    0.1092  -0.0204
  146   -0.0605   0.0017
  147   -0.2057   0.0199
  148   -0.1692   0.0113
  149    0.0012   0.0050
  150    0.1214   0.0130
  151    0.0756   0.0079
  152   -0.0509  -0.0031
  153   -0.0850  -0.0072
  154    0.0252  -0.0218
  155    0.1546  -0.0276
  156    0.1685  -0.0156
  157    0.0818  -0.0103
  158    0.0168  -0.0168
  159    0.0029  -0.0108
  160   -0.0055  -0.0031
  161   -0.0422   0.0079
  162   -0.0758   0.0072
  163   -0.0806   0.0038
  164   -0.0439  -0.0031
  165    0.0002  -0.0130
  166    0.0346  -0.0050
  167    0.0334   0.0010
  168   -0.0158   0.0082
  169   -0.0773   0.0192
  170   -0.0900   0.0096
  171   -0.0067  -0.0024
  172    0.1133  -0.0026
  173    0.1572  -0.0264
  174    0.0722  -0.0336
  175   -0.0574  -0.0166
  176   -0.1078  -0.0002
  177   -0.0547   0.0031
  178    0.0300  -0.0034
  179    0.0391  -0.0089
  180   -0.0353  -0.0002
  181   -0.1126   0.0194
  182   -0.0876   0.0343
  183    0.0348   0.0410
  184    0.1615   0.0178
  185    0.1694   0.0137
  186    0.0432   0.0288
  187   -0.0970   0.0226
  188   -0.1298   0.0156
  189   -0.0461   0.0007
  190    0.0401  -0.0012
  191    0.0535   0.0101
  192    0.0062   0.0084
  193   -0.0574  -0.0029
  194   -0.0710  -0.0055
  195   -0.0338  -0.0096
  196    0.0310   0.0036
  197    0.0936   0.0120
  198    0.1243   0.0113
  199    0.0823   0.0166
  200    0.0055   0.0038
  201   -0.0341  -0.0062
  202    0.0132   0.0041
  203    0.1063  -0.0034
  204    0.1423  -0.0166
  205    0.0718  -0.0228
  206   -0.0694  -0.0163
  207   -0.1651  -0.0286
  208   -0.1704  -0.0355
  209   -0.1174  -0.0317
  210   -0.0749  -0.0204
  211   -0.0722  -0.0077
  212   -0.0838   0.0089
  213   -0.0742   0.0074
  214   -0.0403  -0.0002
  215    0.0197   0.0036
  216    0.0768   0.0050
  217    0.1128   0.0089
  218    0.1246   0.0293
  219    0.1123   0.0458
  220    0.0912   0.0367
  221    0.0631   0.0060
  222    0.0204  -0.0252
  223   -0.0125  -0.0254
  224   -0.0173  -0.0221
  225    0.0074  -0.0199
  226    0.0113  -0.0048
  227   -0.0418   0.0079
  228   -0.1349   0.0108
  229   -0.1742  -0.0026
  230   -0.0938  -0.0118
  231    0.0334  -0.0002
  232    0.0907   0.0209
  233    0.0475   0.0154
  234   -0.0542   0.0151
  235   -0.0936   0.0012
  236   -0.0106  -0.0221
  237    0.1325  -0.0110
  238    0.1762  -0.0010
  239    0.0694   0.0005
  240   -0.0742  -0.0002
  241   -0.1195   0.0029
  242   -0.0468   0.0048
  243    0.0451   0.0096
  244    0.0727  -0.0038
  245    0.0494  -0.0036
  246    0.0125   0.0163
  247   -0.0211   0.0259
  248   -0.0386   0.0175
  249   -0.0211  -0.0053
  250    0.0290  -0.0110
  251    0.0619   0.0082
  252    0.0391   0.0223
  253   -0.0149   0.0223
  254   -0.0605  -0.0060
  255   -0.0665  -0.0194
  256   -0.0446  -0.0305
  257   -0.0278  -0.0334
  258   -0.0314  -0.0175
  259   -0.0252  -0.0214
  260    0.0022  -0.0118
  261    0.0384  -0.0170
  262    0.0456  -0.0218
  263    0.0216  -0.0194
  264    0.0228  -0.0060
  265    0.0494  -0.0038
  266    0.0600   0.0067
  267    0.0094   0.0178
  268   -0.0660   0.0146
  269   -0.0886   0.0019
  270   -0.0451   0.0036
  271   -0.0029  -0.0036
  272   -0.0065  -0.0086
  273   -0.0410  -0.0031
  274   -0.0641  -0.0146
  275   -0.0665  -0.0185
  276   -0.0511  -0.0173
  277   -0.0125  -0.0012
  278    0.0720   0.0144
  279    0.1601   0.0142
  280    0.1769   0.0072
  281    0.1051   0.0053
  282    0.0346   0.0034
  283    0.0514   0.0072
  284    0.1541   0.0106
  285    0.1949   0.0120
  286    0.0907   0.0106
  287   -0.1097   0.0094
  288   -0.2700  -0.0029
  289   -0.2714  -0.0185
  290   -0.1430  -0.0259
  291   -0.0223  -0.0173
  292   -0.0098  -0.0002
  293   -0.1082  -0.0101
  294   -0.2201  -0.0113
  295   -0.2362  -0.0077
  296   -0.1073   0.0038
  297    0.0811   0.0158
  298    0.1817   0.0372
  299    0.1397   0.0439
  300    0.0142   0.0355
  301   -0.0290   0.0185
  302    0.0782   0.0072
  303    0.2424   0.0031
  304    0.2993   0.0050
  305    0.1790   0.0010
  306   -0.0206  -0.0041
  307   -0.1255  -0.0127
  308   -0.0883  -0.0048
  309    0.0132  -0.0055
  310    0.0626  -0.0091
  311    0.0156  -0.0041
  312   -0.0818  -0.0158
  313   -0.1474   0.0043
  314   -0.1382   0.0228
  315   -0.0708   0.0065
  316   -0.0072  -0.0002
  317    0.0307   0.0079
  318    0.0386   0.0182
  319    0.0286   0.0271
  320    0.0281   0.0139
  321    0.0475  -0.0134
  322    0.0528  -0.0218
  323    0.0545  -0.0223
  324    0.0526  -0.0235
  325    0.0206  -0.0199
  326   -0.0413  -0.0154
  327   -0.0986  -0.0178
  328   -0.0955  -0.0166
  329   -0.0518  -0.0010
  330   -0.0055   0.0070
  331    0.0276   0.0194
  332    0.0574   0.0305
  333    0.0631   0.0281
  334    0.0130   0.0137
  335   -0.0559  -0.0122
  336   -0.0706  -0.0269
  337    0.0082  -0.0137
  338    0.1118  -0.0067
  339    0.1267  -0.0096
  340    0.0283  -0.0079
  341   -0.1171  -0.0154
  342   -0.1646  -0.0089
  343   -0.0674   0.0026
  344    0.0588   0.0070
  345    0.1087   0.0158
  346    0.0554   0.0216
  347   -0.0526   0.0252
  348   -0.1102   0.0250
  349   -0.0473   0.0146
  350    0.0859  -0.0050
  351    0.1894  -0.0127
  352    0.1670  -0.0029
  353    0.0245  -0.0024
  354   -0.1166  -0.0014
  355   -0.1562  -0.0156
  356   -0.0751  -0.0334
  357    0.0418  -0.0187
  358    0.0643  -0.0091
  359   -0.0444  -0.0019
  360   -0.1591  -0.0149
  361   -0.1586  -0.0214
  362   -0.0516  -0.0194
  363    0.0622  -0.0082
  364    0.0730   0.0154
  365    0.0192   0.0233
  366   -0.0300   0.0118
  367   -0.0247   0.0060
  368    0.0353   0.0077
  369    0.0931   0.0038
  370    0.1068   0.0046
  371    0.0794   0.0089
  372    0.0235  -0.0094
  373   -0.0367  -0.0386
  374   -0.0744  -0.0271
  375   -0.0706  -0.0036
  376   -0.0408   0.0082
  377    0.0010   0.0230
  378    0.0178   0.0288
  379    0.0065   0.0175
  380   -0.0041   0.0050
  381   -0.0161  -0.0094
  382   -0.0125  -0.0031
  383    0.0089   0.0070
  384    0.0461   0.0031
  385    0.0874   0.0192
  386    0.0948   0.0166
  387    0.0216  -0.0026
  388   -0.0770  -0.0137
  389   -0.1039  -0.0238
  390   -0.0216  -0.0053
  391    0.0986   0.0216
  392    0.1111   0.0101
  393    0.0026   0.0002
  394   -0.1342   0.0053
  395   -0.1786   0.0065
  396   -0.0780   0.0060
  397    0.0662   0.0130
  398    0.1560   0.0156
  399    0.1382   0.0269
  400    0.0415   0.0139
  401   -0.0564  -0.0072
  402   -0.0739  -0.0170
  403    0.0019  -0.0086
  404    0.1054   0.0029
  405    0.1123   0.0295
  406    0.0038   0.0156
  407   -0.1375  -0.0158
  408   -0.1685  -0.0283
  409   -0.0530  -0.0348
  410    0.1152  -0.0235
  411    0.1733  -0.0130
  412    0.0742  -0.0029
  413   -0.0854   0.0139
  414   -0.1471   0.0324
  415   -0.0730   0.0214
  416    0.0427   0.0182
  417    0.0852   0.0158
  418    0.0302   0.0084
  419   -0.0758  -0.0072
  420   -0.1589  -0.0096
  421   -0.1514   0.0019
  422   -0.0763  -0.0026
  423   -0.0034  -0.0041
  424    0.0146  -0.0034
  425   -0.0199   0.0089
  426   -0.0528   0.0086
  427   -0.0079  -0.0002
  428    0.0835  -0.0245
  429    0.1601  -0.0329
  430    0.1882  -0.0247
  431    0.1625  -0.0014
  432    0.1301   0.0149
  433    0.1022   0.0173
  434    0.0710   0.0014
  435    0.0108  -0.0194
  436   -0.0334  -0.0264
  437   -0.0415  -0.0228
  438   -0.0238  -0.0050
  439   -0.0211   0.0094
  440   -0.0802  -0.0010
  441   -0.1608  -0.0166
  442   -0.1975  -0.0175
  443   -0.1574  -0.0084
  444   -0.0466   0.0055
  445    0.0391   0.0149
  446    0.0413   0.0199
  447   -0.0240   0.0187
  448   -0.0773   0.0101
  449   -0.0454  -0.0043
  450    0.0650  -0.0190
  451    0.1505  -0.0180
  452    0.1385  -0.0072
  453    0.0324  -0.0010
  454   -0.0830  -0.0046
  455   -0.1056  -0.0154
  456   -0.0254  -0.0254
  457    0.0840  -0.0115
  458    0.1327   0.0130
  459    0.0768   0.0182
  460   -0.0410   0.0130
  461   -0.1150   0.0048
  462   -0.0790   0.0067
  463    0.0266   0.0067
  464    0.1008   0.0142
  465    0.0768   0.0142
  466   -0.0149   0.0062
  467   -0.0792  -0.0019
  468   -0.0655   0.0002
  469    0.0038   0.0014
  470    0.0550   0.0019
  471    0.0415   0.0031
  472   -0.0108   0.0002
  473   -0.0497  -0.0050
  474   -0.0514  -0.0098
  475   -0.0180  -0.0130
  476    0.0199  -0.0091
  477    0.0372  -0.0014
  478    0.0276   0.0031
  479    0.0026   0.0070
  480   -0.0144   0.0070
  481   -0.0101   0.0038
  482    0.0077   0.0031
  483    0.0180   0.0017
  484    0.0122   0.0038
  485    0.0014   0.0031
  486   -0.0034   0.0014
  487   -0.0022   0.0005
  488   -0.0010   0.0000
  489   -0.0012   0.0002
  490   -0.0019   0.0005
  491   -0.0017  -0.0002
  492   -0.0010  -0.0005
  493   -0.0010  -0.0002
  494   -0.0010  -0.0002
  495   -0.0010  -0.0002
  496   -0.0005   0.0000
  497    0.0000   0.0000
  498    0.0000   0.0000
  499    0.0000   0.0000
  500    0.0000   0.0000
  501    0.0000   0.0000
  502    0.0000   0.0000
  503    0.0000   0.0000
  504    0.0000   0.0000
  505    0.0000   0.0000
  506    0.0000   0.0000
  507    0.0000   0.0000
  508    0.0000   0.0000
  509    0.0000   0.0000
  510    0.0000   0.0000
  511    0.0000   0.0000
  512    0.0000   0.0000
