Echo A : BASELINE.DTA   
Time Period: 0.04-20.48msec
   No.  A (mPa)  An (mPa)
    1    0.0000   0.0000
    2    0.0000   0.0000
    3    0.0000   0.0000
    4    0.0000   0.0000
    5    0.0000   0.0000
    6    0.0000   0.0000
    7    0.0000   0.0000
    8    0.0000   0.0000
    9    0.0000   0.0000
   10    0.0000   0.0000
   11    0.0000   0.0000
   12    0.0000   0.0000
   13    0.0000   0.0000
   14    0.0000   0.0000
   15    0.0000   0.0000
   16    0.0000   0.0000
   17    0.0000   0.0000
   18    0.0000   0.0000
   19    0.0000   0.0000
   20    0.0000   0.0000
   21    0.0000   0.0000
   22    0.0000   0.0000
   23    0.0000   0.0000
   24    0.0000   0.0000
   25    0.0000   0.0000
   26    0.0000   0.0000
   27    0.0000   0.0000
   28    0.0000   0.0000
   29    0.0000   0.0000
   30    0.0000   0.0000
   31    0.0000   0.0000
   32    0.0000   0.0000
   33    0.0000   0.0000
   34    0.0000   0.0000
   35    0.0000   0.0000
   36    0.0000   0.0000
   37    0.0000   0.0000
   38    0.0000   0.0000
   39    0.0000   0.0000
   40    0.0000   0.0000
   41    0.0000   0.0000
   42    0.0000   0.0000
   43    0.0000   0.0000
   44    0.0000   0.0000
   45    0.0000   0.0000
   46    0.0000   0.0000
   47    0.0000   0.0002
   48    0.0002   0.0000
   49    0.0002   0.0002
   50    0.0005   0.0000
   51    0.0005   0.0002
   52    0.0007   0.0000
   53    0.0007   0.0002
   54    0.0010   0.0000
   55    0.0010   0.0002
   56    0.0012   0.0002
   57    0.0014   0.0002
   58    0.0017   0.0002
   59    0.0019   0.0002
   60    0.0022   0.0002
   61    0.0024   0.0002
   62    0.0029   0.0002
   63    0.0031   0.0002
   64    0.0036   0.0002
   65    0.0041   0.0002
   66    0.0048   0.0002
   67    0.0065   0.0002
   68    0.0091   0.0002
   69    0.0103   0.0000
   70    0.0094  -0.0010
   71    0.0079  -0.0014
   72    0.0050  -0.0002
   73    0.0000   0.0007
   74   -0.0074   0.0014
   75   -0.0170   0.0000
   76   -0.0216   0.0014
   77   -0.0197   0.0019
   78   -0.0127  -0.0005
   79   -0.0017  -0.0034
   80    0.0110   0.0005
   81    0.0106   0.0024
   82   -0.0055   0.0065
   83   -0.0216   0.0065
   84   -0.0204   0.0043
   85    0.0000  -0.0029
   86    0.0336  -0.0043
   87    0.0475  -0.0089
   88    0.0010  -0.0082
   89   -0.0900  -0.0024
   90   -0.1315  -0.0031
   91   -0.0840  -0.0132
   92    0.0245  -0.0113
   93    0.1039  -0.0139
   94    0.0962  -0.0154
   95    0.0185  -0.0146
   96   -0.0274  -0.0096
   97    0.0065  -0.0084
   98    0.0756  -0.0067
   99    0.0775  -0.0091
  100   -0.0014  -0.0072
  101   -0.1133  -0.0060
  102   -0.1313   0.0010
  103   -0.0509   0.0012
  104    0.0372   0.0194
  105    0.0742   0.0221
  106    0.0770  -0.0014
  107    0.0528   0.0038
  108    0.0146  -0.0038
  109   -0.0168   0.0058
  110   -0.0566   0.0048
  111   -0.1186   0.0053
  112   -0.1243   0.0122
  113   -0.0420   0.0007
  114    0.1097  -0.0036
  115    0.2287  -0.0007
  116    0.1872   0.0002
  117    0.0065  -0.0108
  118   -0.1680  -0.0302
  119   -0.2527  -0.0259
  120   -0.1682  -0.0158
  121    0.0094   0.0084
  122    0.1834   0.0096
  123    0.2143  -0.0060
  124    0.0886  -0.0031
  125   -0.0900   0.0014
  126   -0.1795   0.0187
  127   -0.1164   0.0317
  128    0.0439   0.0305
  129    0.1711   0.0118
  130    0.1918   0.0055
  131    0.0682   0.0252
  132   -0.1375   0.0288
  133   -0.2794   0.0252
  134   -0.2626   0.0257
  135   -0.0182   0.0305
  136    0.2534   0.0106
  137    0.3574   0.0010
  138    0.2030   0.0002
  139   -0.1044   0.0079
  140   -0.2899   0.0024
  141   -0.2122  -0.0072
  142    0.0305  -0.0082
  143    0.2114   0.0086
  144    0.1572   0.0019
  145   -0.0538   0.0038
  146   -0.2172  -0.0041
  147   -0.1898   0.0067
  148   -0.0091  -0.0055
  149    0.1596  -0.0065
  150    0.1670  -0.0031
  151    0.0230  -0.0046
  152   -0.1188  -0.0024
  153   -0.1510  -0.0084
  154   -0.0706  -0.0072
  155    0.0626  -0.0096
  156    0.1063  -0.0026
  157    0.0341  -0.0130
  158   -0.0926  -0.0288
  159   -0.1562  -0.0480
  160   -0.0797  -0.0310
  161    0.0770   0.0017
  162    0.2141   0.0139
  163    0.2167  -0.0010
  164    0.0828  -0.0194
  165   -0.0725  -0.0298
  166   -0.1618  -0.0067
  167   -0.1308   0.0118
  168   -0.0343   0.0007
  169    0.0622  -0.0005
  170    0.1102  -0.0007
  171    0.1032  -0.0029
  172    0.0857   0.0156
  173    0.0730   0.0180
  174    0.0593   0.0144
  175   -0.0062  -0.0154
  176   -0.1174   0.0024
  177   -0.2030   0.0142
  178   -0.2071   0.0238
  179   -0.0790   0.0228
  180    0.1236   0.0173
  181    0.2712   0.0101
  182    0.2580   0.0106
  183    0.0835   0.0048
  184   -0.1166   0.0288
  185   -0.2172   0.0223
  186   -0.1469   0.0218
  187    0.0250   0.0127
  188    0.1946   0.0192
  189    0.2167   0.0235
  190    0.0835   0.0310
  191   -0.0974   0.0144
  192   -0.2282  -0.0084
  193   -0.2501  -0.0158
  194   -0.1622  -0.0166
  195   -0.0314  -0.0228
  196    0.0703  -0.0211
  197    0.0859  -0.0053
  198    0.0468  -0.0113
  199   -0.0024  -0.0194
  200   -0.0014  -0.0113
  201    0.0302  -0.0067
  202    0.0696  -0.0077
  203    0.0914  -0.0079
  204    0.0545  -0.0079
  205   -0.0120  -0.0221
  206   -0.0686  -0.0146
  207   -0.1025  -0.0019
  208   -0.0917  -0.0029
  209   -0.0451   0.0142
  210    0.0266   0.0137
  211    0.0912   0.0082
  212    0.1171   0.0086
  213    0.1219   0.0019
  214    0.0864   0.0130
  215    0.0473  -0.0118
  216   -0.0062  -0.0254
  217   -0.0737  -0.0134
  218   -0.1039  -0.0026
  219   -0.1018  -0.0091
  220   -0.0926  -0.0170
  221   -0.0866  -0.0257
  222   -0.0624  -0.0156
  223   -0.0252  -0.0058
  224    0.0202  -0.0084
  225    0.0713  -0.0074
  226    0.0778  -0.0194
  227    0.0420  -0.0146
  228   -0.0305  -0.0247
  229   -0.0811  -0.0252
  230   -0.0653  -0.0185
  231    0.0326  -0.0161
  232    0.1618  -0.0214
  233    0.2494  -0.0170
  234    0.2249  -0.0041
  235    0.0833   0.0005
  236   -0.0840  -0.0041
  237   -0.2088   0.0019
  238   -0.2542   0.0317
  239   -0.2230   0.0430
  240   -0.1541   0.0211
  241   -0.0713   0.0072
  242   -0.0062  -0.0031
  243    0.0389  -0.0173
  244    0.0835  -0.0175
  245    0.1140   0.0024
  246    0.1392   0.0238
  247    0.1586   0.0151
  248    0.1428   0.0089
  249    0.0967   0.0166
  250    0.0348   0.0050
  251   -0.0098   0.0120
  252   -0.0466   0.0202
  253   -0.0878   0.0014
  254   -0.1231   0.0002
  255   -0.1618   0.0086
  256   -0.1848   0.0026
  257   -0.1368   0.0017
  258   -0.0571   0.0113
  259    0.0540   0.0065
  260    0.1166   0.0053
  261    0.1306   0.0031
  262    0.1061   0.0077
  263    0.0650   0.0122
  264    0.0470   0.0151
  265    0.0658   0.0127
  266    0.0857   0.0146
  267    0.0917   0.0319
  268    0.0622   0.0288
  269    0.0252   0.0082
  270   -0.0036  -0.0137
  271   -0.0355  -0.0091
  272   -0.0499  -0.0276
  273   -0.0420  -0.0142
  274   -0.0238   0.0041
  275   -0.0168   0.0022
  276   -0.0122   0.0014
  277   -0.0276  -0.0278
  278   -0.0650  -0.0250
  279   -0.0835  -0.0283
  280   -0.0970  -0.0182
  281   -0.1003  -0.0038
  282   -0.0684  -0.0096
  283   -0.0110  -0.0086
  284    0.0389  -0.0305
  285    0.0588  -0.0379
  286    0.0286  -0.0125
  287   -0.0331  -0.0067
  288   -0.0715  -0.0065
  289   -0.0578  -0.0041
  290    0.0178  -0.0158
  291    0.1222  -0.0084
  292    0.1985   0.0012
  293    0.1910   0.0182
  294    0.1073   0.0101
  295   -0.0274   0.0026
  296   -0.1169   0.0014
  297   -0.1157  -0.0038
  298   -0.0725   0.0031
  299   -0.0103   0.0182
  300   -0.0173   0.0142
  301   -0.0751   0.0432
  302   -0.1322   0.0334
  303   -0.1692   0.0425
  304   -0.1483   0.0166
  305   -0.0542   0.0094
  306    0.0526   0.0182
  307    0.1385   0.0240
  308    0.1634   0.0132
  309    0.1361  -0.0240
  310    0.0715  -0.0300
  311    0.0233  -0.0029
  312    0.0101  -0.0029
  313    0.0122   0.0108
  314    0.0185   0.0098
  315    0.0254  -0.0031
  316    0.0276  -0.0180
  317    0.0247  -0.0278
  318    0.0197  -0.0170
  319    0.0163  -0.0146
  320    0.0101   0.0046
  321   -0.0002   0.0077
  322    0.0029  -0.0113
  323    0.0005  -0.0002
  324   -0.0086   0.0118
  325   -0.0336   0.0070
  326   -0.0588   0.0134
  327   -0.0905   0.0026
  328   -0.0907   0.0079
  329   -0.0763   0.0014
  330   -0.0418   0.0156
  331   -0.0017   0.0149
  332    0.0163   0.0130
  333    0.0274   0.0211
  334    0.0396   0.0178
  335    0.0526   0.0072
  336    0.0478   0.0158
  337    0.0588   0.0113
  338    0.0763   0.0286
  339    0.0698   0.0216
  340    0.0821   0.0132
  341    0.0778   0.0034
  342    0.0444  -0.0038
  343    0.0149  -0.0137
  344   -0.0238  -0.0158
  345   -0.0811  -0.0050
  346   -0.1356  -0.0043
  347   -0.1620   0.0043
  348   -0.1478   0.0326
  349   -0.0955   0.0091
  350   -0.0247  -0.0067
  351    0.0156  -0.0166
  352    0.0533  -0.0247
  353    0.0533  -0.0367
  354    0.0437  -0.0478
  355    0.0569  -0.0206
  356    0.0890  -0.0223
  357    0.1358  -0.0218
  358    0.1392  -0.0130
  359    0.0970  -0.0240
  360    0.0307  -0.0312
  361   -0.0358  -0.0269
  362   -0.0794  -0.0079
  363   -0.0665   0.0096
  364   -0.0509   0.0014
  365   -0.0384   0.0060
  366   -0.0422  -0.0149
  367   -0.0458  -0.0067
  368   -0.0737   0.0026
  369   -0.0977  -0.0118
  370   -0.0974   0.0031
  371   -0.0890  -0.0012
  372   -0.0806   0.0043
  373   -0.0593   0.0014
  374   -0.0331   0.0053
  375   -0.0058   0.0142
  376    0.0206  -0.0106
  377    0.0552  -0.0137
  378    0.0886  -0.0072
  379    0.1145  -0.0010
  380    0.1142   0.0204
  381    0.1020  -0.0079
  382    0.0811  -0.0067
  383    0.0475   0.0113
  384    0.0314   0.0091
  385    0.0252   0.0130
  386    0.0485   0.0079
  387    0.0629   0.0055
  388    0.0607   0.0108
  389    0.0206   0.0223
  390   -0.0528   0.0317
  391   -0.1310   0.0233
  392   -0.1673   0.0101
  393   -0.1423  -0.0053
  394   -0.0766  -0.0199
  395   -0.0262  -0.0096
  396   -0.0024  -0.0010
  397   -0.0281   0.0125
  398   -0.0674   0.0089
  399   -0.0931  -0.0098
  400   -0.0852  -0.0091
  401   -0.0214   0.0031
  402    0.0614  -0.0161
  403    0.1390   0.0010
  404    0.1634   0.0118
  405    0.1426   0.0053
  406    0.0854  -0.0101
  407    0.0170  -0.0098
  408   -0.0118   0.0110
  409    0.0060   0.0206
  410    0.0302   0.0161
  411    0.0648  -0.0024
  412    0.0686  -0.0223
  413    0.0360  -0.0072
  414   -0.0050   0.0043
  415   -0.0463  -0.0194
  416   -0.0924  -0.0084
  417   -0.1075   0.0067
  418   -0.0958   0.0098
  419   -0.0624   0.0055
  420   -0.0420   0.0144
  421   -0.0396  -0.0084
  422   -0.0454  -0.0091
  423   -0.0468   0.0038
  424   -0.0374  -0.0142
  425   -0.0072  -0.0079
  426    0.0403  -0.0038
  427    0.0785  -0.0185
  428    0.1229  -0.0218
  429    0.1354   0.0062
  430    0.1123  -0.0062
  431    0.0535   0.0043
  432   -0.0082   0.0007
  433   -0.0463  -0.0019
  434   -0.0319   0.0002
  435   -0.0118  -0.0019
  436    0.0355   0.0005
  437    0.0506  -0.0060
  438    0.0449   0.0010
  439    0.0082  -0.0031
  440   -0.0319   0.0007
  441   -0.0598   0.0048
  442   -0.0660  -0.0038
  443   -0.0617   0.0070
  444   -0.0480   0.0005
  445   -0.0365   0.0084
  446   -0.0336   0.0029
  447   -0.0454  -0.0096
  448   -0.0533  -0.0156
  449   -0.0523  -0.0043
  450   -0.0430   0.0151
  451   -0.0072   0.0324
  452    0.0252   0.0269
  453    0.0454   0.0084
  454    0.0552  -0.0050
  455    0.0605  -0.0115
  456    0.0461  -0.0084
  457    0.0300  -0.0065
  458    0.0182   0.0065
  459    0.0199  -0.0060
  460    0.0242  -0.0074
  461    0.0286  -0.0005
  462    0.0182  -0.0082
  463   -0.0091   0.0019
  464   -0.0379   0.0070
  465   -0.0586  -0.0029
  466   -0.0542   0.0014
  467   -0.0382   0.0043
  468   -0.0113   0.0055
  469    0.0101   0.0106
  470    0.0192   0.0101
  471    0.0132   0.0060
  472    0.0034   0.0010
  473    0.0074   0.0019
  474    0.0158   0.0060
  475    0.0233   0.0072
  476    0.0278   0.0130
  477    0.0206   0.0122
  478    0.0142   0.0082
  479   -0.0007   0.0031
  480   -0.0139   0.0029
  481   -0.0180   0.0019
  482   -0.0151   0.0026
  483   -0.0050  -0.0014
  484    0.0036  -0.0034
  485    0.0067  -0.0012
  486    0.0048  -0.0046
  487    0.0007  -0.0070
  488   -0.0007  -0.0038
  489   -0.0010  -0.0036
  490   -0.0014  -0.0024
  491   -0.0005  -0.0022
  492    0.0000  -0.0024
  493   -0.0002  -0.0012
  494   -0.0007  -0.0010
  495   -0.0007  -0.0012
  496   -0.0005  -0.0010
  497   -0.0005  -0.0007
  498   -0.0002  -0.0002
  499   -0.0002  -0.0002
  500    0.0000  -0.0002
  501    0.0000  -0.0002
  502    0.0000  -0.0002
  503    0.0000  -0.0002
  504    0.0000  -0.0002
  505    0.0000  -0.0002
  506    0.0000   0.0000
  507    0.0000   0.0000
  508    0.0000   0.0000
  509    0.0000   0.0000
  510    0.0000   0.0000
  511    0.0000   0.0000
  512    0.0000  -0.0002
