Echo A : BASELI~1.DTA   
Time Period: 0.04-20.48msec
   No.  A (mPa)  An (mPa)
    1    0.0000   0.0000
    2    0.0000   0.0000
    3    0.0000   0.0000
    4    0.0000   0.0000
    5    0.0000   0.0000
    6    0.0000   0.0000
    7    0.0000   0.0000
    8    0.0000   0.0000
    9    0.0000   0.0000
   10    0.0000   0.0000
   11    0.0000   0.0000
   12    0.0000   0.0000
   13    0.0000   0.0000
   14    0.0000   0.0000
   15    0.0000   0.0000
   16    0.0000   0.0000
   17    0.0000   0.0000
   18    0.0000   0.0000
   19    0.0000   0.0000
   20    0.0000   0.0000
   21    0.0000   0.0000
   22    0.0000   0.0000
   23    0.0000   0.0000
   24    0.0000   0.0000
   25    0.0000   0.0000
   26    0.0000   0.0000
   27    0.0000   0.0000
   28    0.0000   0.0000
   29    0.0000   0.0000
   30    0.0000   0.0000
   31    0.0000   0.0000
   32    0.0000   0.0000
   33    0.0000   0.0000
   34    0.0000   0.0000
   35    0.0000   0.0000
   36    0.0000   0.0000
   37    0.0000   0.0000
   38    0.0000   0.0000
   39    0.0000   0.0000
   40    0.0000   0.0000
   41    0.0000   0.0000
   42    0.0000   0.0000
   43    0.0000   0.0000
   44    0.0000   0.0000
   45    0.0000   0.0000
   46    0.0000   0.0000
   47    0.0000   0.0000
   48    0.0000   0.0000
   49    0.0000   0.0000
   50    0.0000   0.0000
   51    0.0000   0.0000
   52    0.0000   0.0000
   53    0.0000   0.0000
   54    0.0000   0.0000
   55    0.0000   0.0002
   56    0.0000   0.0002
   57   -0.0002   0.0002
   58   -0.0002   0.0002
   59   -0.0002   0.0005
   60   -0.0002   0.0005
   61   -0.0005   0.0007
   62   -0.0005   0.0007
   63   -0.0005   0.0010
   64   -0.0005   0.0012
   65   -0.0010   0.0017
   66   -0.0024   0.0017
   67   -0.0046   0.0019
   68   -0.0067   0.0019
   69   -0.0094   0.0017
   70   -0.0130   0.0019
   71   -0.0173   0.0019
   72   -0.0185   0.0012
   73   -0.0130   0.0017
   74   -0.0014   0.0019
   75    0.0089   0.0034
   76    0.0158   0.0053
   77    0.0266   0.0046
   78    0.0406   0.0058
   79    0.0506   0.0060
   80    0.0516   0.0026
   81    0.0372   0.0010
   82    0.0178   0.0002
   83    0.0010  -0.0010
   84   -0.0142   0.0031
   85   -0.0334   0.0084
   86   -0.0494   0.0043
   87   -0.0545  -0.0002
   88   -0.0523  -0.0089
   89   -0.0499  -0.0101
   90   -0.0499  -0.0144
   91   -0.0372  -0.0211
   92   -0.0091  -0.0266
   93    0.0113  -0.0288
   94    0.0108  -0.0293
   95    0.0098  -0.0250
   96    0.0430  -0.0235
   97    0.1001  -0.0170
   98    0.1200  -0.0094
   99    0.0660  -0.0014
  100   -0.0166   0.0082
  101   -0.0458   0.0235
  102    0.0154   0.0326
  103    0.0773   0.0425
  104    0.0617   0.0386
  105   -0.0257   0.0346
  106   -0.0950   0.0223
  107   -0.0802  -0.0010
  108    0.0079   0.0034
  109    0.0809   0.0163
  110    0.1010   0.0314
  111    0.0756   0.0168
  112    0.0427  -0.0079
  113   -0.0134  -0.0223
  114   -0.0955  -0.0190
  115   -0.1634  -0.0372
  116   -0.1848  -0.0641
  117   -0.1296  -0.0653
  118   -0.0374  -0.0506
  119    0.0264  -0.0317
  120    0.0547  -0.0154
  121    0.0566  -0.0089
  122    0.0365   0.0067
  123   -0.0072   0.0187
  124   -0.0329   0.0302
  125   -0.0331   0.0286
  126    0.0007   0.0408
  127    0.0490   0.0269
  128    0.0646   0.0053
  129    0.0619  -0.0007
  130    0.0379   0.0050
  131    0.0019   0.0043
  132   -0.0209   0.0130
  133   -0.0281   0.0228
  134   -0.0238   0.0247
  135    0.0007   0.0115
  136    0.0233   0.0067
  137    0.0242  -0.0144
  138    0.0134  -0.0247
  139   -0.0070  -0.0269
  140   -0.0166  -0.0276
  141   -0.0089  -0.0228
  142   -0.0043  -0.0324
  143   -0.0139  -0.0218
  144   -0.0334  -0.0293
  145   -0.0857  -0.0343
  146   -0.1243  -0.0290
  147   -0.1097  -0.0182
  148   -0.0247   0.0038
  149    0.1066   0.0418
  150    0.2081   0.0538
  151    0.2071   0.0550
  152    0.1022   0.0511
  153   -0.0482   0.0415
  154   -0.1697   0.0374
  155   -0.1838   0.0406
  156   -0.0840   0.0439
  157    0.0643   0.0293
  158    0.1759   0.0178
  159    0.1478  -0.0065
  160    0.0058  -0.0192
  161   -0.1378  -0.0132
  162   -0.1771  -0.0178
  163   -0.0970  -0.0206
  164    0.0278  -0.0288
  165    0.0624  -0.0396
  166    0.0122  -0.0324
  167   -0.0295  -0.0269
  168    0.0089  -0.0137
  169    0.1159  -0.0156
  170    0.1747  -0.0187
  171    0.1138  -0.0223
  172   -0.0468  -0.0137
  173   -0.1774   0.0014
  174   -0.1723   0.0127
  175   -0.0422  -0.0019
  176    0.1128   0.0079
  177    0.1817   0.0319
  178    0.1289   0.0487
  179    0.0276   0.0554
  180   -0.0571   0.0626
  181   -0.1015   0.0734
  182   -0.1140   0.0785
  183   -0.1186   0.0557
  184   -0.0828   0.0355
  185    0.0180   0.0317
  186    0.1682   0.0240
  187    0.2515   0.0163
  188    0.1850  -0.0065
  189    0.0185  -0.0283
  190   -0.1584  -0.0446
  191   -0.2263  -0.0581
  192   -0.1584  -0.0583
  193    0.0024  -0.0679
  194    0.1267  -0.0698
  195    0.1370  -0.0662
  196    0.0396  -0.0715
  197   -0.0845  -0.0710
  198   -0.1457  -0.0478
  199   -0.1142  -0.0269
  200   -0.0346  -0.0079
  201    0.0254   0.0324
  202    0.0466   0.0432
  203    0.0434   0.0420
  204    0.0478   0.0317
  205    0.0691   0.0223
  206    0.0886   0.0125
  207    0.1006   0.0178
  208    0.0838   0.0302
  209    0.0514   0.0240
  210    0.0031   0.0214
  211   -0.0334   0.0187
  212   -0.0427  -0.0067
  213   -0.0444  -0.0226
  214   -0.0523  -0.0197
  215   -0.0799  -0.0178
  216   -0.1042  -0.0178
  217   -0.0893  -0.0288
  218   -0.0319  -0.0398
  219    0.0410  -0.0394
  220    0.0910  -0.0204
  221    0.0893  -0.0010
  222    0.0358   0.0134
  223   -0.0350   0.0050
  224   -0.0967  -0.0010
  225   -0.1294   0.0305
  226   -0.1195   0.0362
  227   -0.0770   0.0329
  228   -0.0216   0.0211
  229    0.0271   0.0158
  230    0.0655   0.0096
  231    0.0917  -0.0036
  232    0.1138  -0.0041
  233    0.1358  -0.0202
  234    0.1442  -0.0242
  235    0.1322  -0.0362
  236    0.0878  -0.0257
  237    0.0139  -0.0130
  238   -0.0636  -0.0038
  239   -0.1303  -0.0034
  240   -0.1704  -0.0084
  241   -0.1733  -0.0178
  242   -0.1445  -0.0139
  243   -0.0902  -0.0048
  244   -0.0218  -0.0014
  245    0.0348   0.0082
  246    0.0696   0.0050
  247    0.0725   0.0007
  248    0.0691  -0.0012
  249    0.0598  -0.0007
  250    0.0300  -0.0055
  251   -0.0029  -0.0043
  252   -0.0329  -0.0046
  253   -0.0494  -0.0089
  254   -0.0595  -0.0127
  255   -0.0538   0.0026
  256   -0.0391   0.0019
  257   -0.0194   0.0036
  258    0.0005   0.0178
  259    0.0401   0.0343
  260    0.0919   0.0264
  261    0.1222   0.0122
  262    0.1198   0.0110
  263    0.0854   0.0228
  264    0.0341   0.0319
  265   -0.0122   0.0355
  266   -0.0288   0.0257
  267   -0.0422   0.0182
  268   -0.0456   0.0101
  269   -0.0389  -0.0115
  270   -0.0247  -0.0206
  271   -0.0022  -0.0264
  272    0.0175  -0.0252
  273    0.0362  -0.0024
  274    0.0446   0.0002
  275    0.0329  -0.0043
  276   -0.0048  -0.0118
  277   -0.0463  -0.0038
  278   -0.0662   0.0158
  279   -0.0667   0.0084
  280   -0.0634   0.0139
  281   -0.0708  -0.0055
  282   -0.0826  -0.0142
  283   -0.0876  -0.0173
  284   -0.0809  -0.0046
  285   -0.0554   0.0079
  286   -0.0180   0.0014
  287    0.0439  -0.0060
  288    0.1063  -0.0127
  289    0.1378  -0.0055
  290    0.1390   0.0146
  291    0.1181   0.0199
  292    0.0766   0.0053
  293    0.0379   0.0149
  294    0.0036   0.0130
  295   -0.0245   0.0108
  296   -0.0372   0.0055
  297   -0.0382  -0.0019
  298   -0.0326   0.0161
  299   -0.0334  -0.0072
  300   -0.0338  -0.0211
  301   -0.0221  -0.0391
  302   -0.0137  -0.0336
  303    0.0024  -0.0262
  304    0.0178  -0.0118
  305    0.0362   0.0014
  306    0.0341   0.0048
  307    0.0341   0.0091
  308    0.0310   0.0137
  309    0.0242   0.0187
  310    0.0106   0.0240
  311   -0.0067   0.0266
  312   -0.0329   0.0384
  313   -0.0509   0.0403
  314   -0.0658   0.0293
  315   -0.0610   0.0194
  316   -0.0346  -0.0024
  317   -0.0108  -0.0182
  318    0.0096  -0.0286
  319    0.0238  -0.0293
  320    0.0278  -0.0161
  321    0.0274  -0.0014
  322    0.0010   0.0142
  323   -0.0067   0.0158
  324    0.0067  -0.0142
  325    0.0221  -0.0329
  326    0.0382  -0.0499
  327    0.0410  -0.0338
  328    0.0420  -0.0017
  329    0.0300   0.0151
  330    0.0022   0.0178
  331   -0.0300   0.0403
  332   -0.0626   0.0415
  333   -0.0646   0.0355
  334   -0.0432   0.0298
  335   -0.0254  -0.0034
  336   -0.0252  -0.0444
  337   -0.0458  -0.0600
  338   -0.0634  -0.0370
  339   -0.0509  -0.0290
  340   -0.0122  -0.0197
  341    0.0259  -0.0214
  342    0.0415  -0.0353
  343    0.0389  -0.0288
  344    0.0432   0.0014
  345    0.0636   0.0271
  346    0.0984   0.0367
  347    0.1032   0.0401
  348    0.0768   0.0509
  349    0.0446   0.0518
  350    0.0115   0.0257
  351   -0.0199  -0.0031
  352   -0.0401  -0.0259
  353   -0.0331  -0.0302
  354   -0.0199  -0.0158
  355   -0.0247  -0.0118
  356   -0.0302  -0.0019
  357   -0.0394   0.0043
  358   -0.0617   0.0077
  359   -0.0818   0.0144
  360   -0.0984   0.0374
  361   -0.0857   0.0494
  362   -0.0406   0.0348
  363    0.0091   0.0226
  364    0.0317   0.0089
  365    0.0506  -0.0113
  366    0.0530  -0.0274
  367    0.0413  -0.0449
  368    0.0353  -0.0600
  369    0.0401  -0.0542
  370    0.0432  -0.0545
  371    0.0461  -0.0631
  372    0.0338  -0.0516
  373    0.0132  -0.0372
  374    0.0010  -0.0259
  375   -0.0053  -0.0163
  376   -0.0026  -0.0151
  377   -0.0007   0.0031
  378    0.0086   0.0288
  379    0.0170   0.0245
  380    0.0142   0.0312
  381    0.0089   0.0439
  382   -0.0002   0.0722
  383   -0.0122   0.0838
  384   -0.0228   0.0912
  385   -0.0302   0.0619
  386   -0.0458   0.0247
  387   -0.0545  -0.0050
  388   -0.0506  -0.0254
  389   -0.0175  -0.0228
  390    0.0012  -0.0329
  391    0.0000  -0.0269
  392   -0.0043  -0.0264
  393   -0.0012  -0.0391
  394    0.0084  -0.0552
  395    0.0053  -0.0617
  396    0.0134  -0.0425
  397    0.0420  -0.0125
  398    0.0499   0.0158
  399    0.0283   0.0072
  400    0.0065  -0.0134
  401   -0.0086  -0.0156
  402   -0.0103  -0.0178
  403   -0.0091  -0.0101
  404   -0.0108   0.0221
  405   -0.0110   0.0432
  406   -0.0074   0.0386
  407   -0.0096   0.0262
  408   -0.0065   0.0310
  409   -0.0110   0.0350
  410   -0.0346   0.0442
  411   -0.0427   0.0434
  412   -0.0420   0.0374
  413   -0.0379   0.0283
  414   -0.0238   0.0338
  415   -0.0029   0.0257
  416    0.0043  -0.0101
  417   -0.0086  -0.0322
  418   -0.0122  -0.0391
  419    0.0012  -0.0466
  420    0.0238  -0.0617
  421    0.0403  -0.0485
  422    0.0562  -0.0228
  423    0.0571  -0.0276
  424    0.0406  -0.0382
  425    0.0329  -0.0334
  426    0.0257  -0.0276
  427    0.0103  -0.0084
  428    0.0031   0.0086
  429   -0.0026   0.0274
  430    0.0058   0.0348
  431    0.0331   0.0343
  432    0.0290   0.0382
  433    0.0175   0.0470
  434    0.0046   0.0485
  435   -0.0070   0.0559
  436   -0.0079   0.0583
  437    0.0024   0.0530
  438    0.0137   0.0310
  439    0.0175   0.0048
  440   -0.0074   0.0000
  441   -0.0338   0.0002
  442   -0.0482  -0.0079
  443   -0.0511  -0.0118
  444   -0.0324  -0.0156
  445   -0.0173  -0.0226
  446   -0.0082  -0.0336
  447   -0.0175  -0.0432
  448   -0.0247  -0.0514
  449   -0.0254  -0.0490
  450   -0.0166  -0.0329
  451    0.0005  -0.0430
  452    0.0072  -0.0346
  453    0.0038  -0.0197
  454   -0.0065  -0.0055
  455   -0.0070  -0.0067
  456    0.0026  -0.0055
  457    0.0060  -0.0055
  458    0.0060  -0.0002
  459    0.0026   0.0055
  460   -0.0014   0.0264
  461    0.0014   0.0360
  462   -0.0017   0.0288
  463    0.0029   0.0168
  464    0.0134   0.0101
  465    0.0194   0.0079
  466    0.0259   0.0103
  467    0.0211   0.0074
  468    0.0096  -0.0031
  469   -0.0031  -0.0142
  470   -0.0127  -0.0120
  471   -0.0130  -0.0142
  472   -0.0082  -0.0106
  473    0.0022   0.0022
  474    0.0125   0.0077
  475    0.0166   0.0142
  476    0.0127   0.0101
  477    0.0110   0.0048
  478    0.0098   0.0014
  479    0.0067  -0.0026
  480    0.0046  -0.0038
  481    0.0019   0.0002
  482   -0.0019   0.0012
  483   -0.0055   0.0034
  484   -0.0072   0.0036
  485   -0.0084   0.0002
  486   -0.0077  -0.0002
  487   -0.0055  -0.0017
  488   -0.0031  -0.0010
  489   -0.0026  -0.0010
  490   -0.0017   0.0002
  491   -0.0010   0.0010
  492   -0.0005   0.0005
  493   -0.0002   0.0005
  494    0.0000   0.0002
  495    0.0000   0.0000
  496    0.0000   0.0000
  497    0.0000   0.0000
  498    0.0000   0.0000
  499    0.0000   0.0000
  500    0.0000   0.0000
  501    0.0000   0.0000
  502    0.0000   0.0000
  503    0.0000   0.0000
  504    0.0000   0.0000
  505    0.0000   0.0000
  506    0.0000   0.0000
  507    0.0000   0.0000
  508    0.0000   0.0000
  509    0.0000   0.0000
  510    0.0000   0.0000
  511    0.0000   0.0000
  512    0.0000   0.0000
